Index	X	Left to Right	X	Right to Left	X	Sum
0	1899/12/30	0	1899/12/30	0	1899/12/30	0
1	1899/12/30 0:00:10	0	1899/12/30 0:00:10	0	1899/12/30 0:00:10	0
2	1899/12/30 0:00:20	0	1899/12/30 0:00:20	0	1899/12/30 0:00:20	0
3	1899/12/30 0:00:30	2	1899/12/30 0:00:30	0	1899/12/30 0:00:30	2
4	1899/12/30 0:00:40	1	1899/12/30 0:00:40	0	1899/12/30 0:00:40	1
5	1899/12/30 0:00:50	3	1899/12/30 0:00:50	0	1899/12/30 0:00:50	3
6	1899/12/30 0:01:00	0	1899/12/30 0:01:00	0	1899/12/30 0:01:00	0
7	1899/12/30 0:01:10	2	1899/12/30 0:01:10	0	1899/12/30 0:01:10	2
8	1899/12/30 0:01:20	2	1899/12/30 0:01:20	0	1899/12/30 0:01:20	2
9	1899/12/30 0:01:30	1	1899/12/30 0:01:30	0	1899/12/30 0:01:30	1
10	1899/12/30 0:01:40	3	1899/12/30 0:01:40	0	1899/12/30 0:01:40	3
11	1899/12/30 0:01:50	4	1899/12/30 0:01:50	0	1899/12/30 0:01:50	4
12	1899/12/30 0:02:00	2	1899/12/30 0:02:00	0	1899/12/30 0:02:00	2
13	1899/12/30 0:02:10	3	1899/12/30 0:02:10	0	1899/12/30 0:02:10	3
14	1899/12/30 0:02:20	5	1899/12/30 0:02:20	0	1899/12/30 0:02:20	5
15	1899/12/30 0:02:30	3	1899/12/30 0:02:30	0	1899/12/30 0:02:30	3
16	1899/12/30 0:02:40	7	1899/12/30 0:02:40	0	1899/12/30 0:02:40	7
17	1899/12/30 0:02:50	5	1899/12/30 0:02:50	0	1899/12/30 0:02:50	5
18	1899/12/30 0:03:00	3	1899/12/30 0:03:00	0	1899/12/30 0:03:00	3
19	1899/12/30 0:03:10	7	1899/12/30 0:03:10	0	1899/12/30 0:03:10	7
20	1899/12/30 0:03:20	2	1899/12/30 0:03:20	0	1899/12/30 0:03:20	2
21	1899/12/30 0:03:30	5	1899/12/30 0:03:30	0	1899/12/30 0:03:30	5
22	1899/12/30 0:03:40	5	1899/12/30 0:03:40	0	1899/12/30 0:03:40	5
23	1899/12/30 0:03:50	4	1899/12/30 0:03:50	0	1899/12/30 0:03:50	4
24	1899/12/30 0:04:00	1	1899/12/30 0:04:00	0	1899/12/30 0:04:00	1
25	1899/12/30 0:04:10	5	1899/12/30 0:04:10	0	1899/12/30 0:04:10	5
26	1899/12/30 0:04:20	8	1899/12/30 0:04:20	1	1899/12/30 0:04:20	9
27	1899/12/30 0:04:30	3	1899/12/30 0:04:30	4	1899/12/30 0:04:30	7
28	1899/12/30 0:04:40	1	1899/12/30 0:04:40	2	1899/12/30 0:04:40	3
29	1899/12/30 0:04:50	5	1899/12/30 0:04:50	14	1899/12/30 0:04:50	19
30	1899/12/30 0:05:00	2	1899/12/30 0:05:00	9	1899/12/30 0:05:00	11
31	1899/12/30 0:05:10	3	1899/12/30 0:05:10	13	1899/12/30 0:05:10	16
32	1899/12/30 0:05:20	3	1899/12/30 0:05:20	2	1899/12/30 0:05:20	5
33	1899/12/30 0:05:30	1	1899/12/30 0:05:30	1	1899/12/30 0:05:30	2
34	1899/12/30 0:05:40	1	1899/12/30 0:05:40	1	1899/12/30 0:05:40	2
35	1899/12/30 0:05:50	0	1899/12/30 0:05:50	8	1899/12/30 0:05:50	8
36	1899/12/30 0:06:00	0	1899/12/30 0:06:00	3	1899/12/30 0:06:00	3
37	1899/12/30 0:06:10	0	1899/12/30 0:06:10	4	1899/12/30 0:06:10	4
38	1899/12/30 0:06:20	0	1899/12/30 0:06:20	5	1899/12/30 0:06:20	5
39	1899/12/30 0:06:30	0	1899/12/30 0:06:30	1	1899/12/30 0:06:30	1
40	1899/12/30 0:06:40	0	1899/12/30 0:06:40	0	1899/12/30 0:06:40	0
41	1899/12/30 0:06:50	0	1899/12/30 0:06:50	0	1899/12/30 0:06:50	0
42	1899/12/30 0:07:00	0	1899/12/30 0:07:00	0	1899/12/30 0:07:00	0
43	1899/12/30 0:07:10	0	1899/12/30 0:07:10	0	1899/12/30 0:07:10	0
44	1899/12/30 0:07:20	0	1899/12/30 0:07:20	0	1899/12/30 0:07:20	0
45	1899/12/30 0:07:30	0	1899/12/30 0:07:30	0	1899/12/30 0:07:30	0
46	1899/12/30 0:07:40	0	1899/12/30 0:07:40	0	1899/12/30 0:07:40	0
47	1899/12/30 0:07:50	0	1899/12/30 0:07:50	0	1899/12/30 0:07:50	0
48	1899/12/30 0:08:00	0	1899/12/30 0:08:00	0	1899/12/30 0:08:00	0
49	1899/12/30 0:08:10	0	1899/12/30 0:08:10	0	1899/12/30 0:08:10	0
50	1899/12/30 0:08:20	0	1899/12/30 0:08:20	0	1899/12/30 0:08:20	0
51	1899/12/30 0:08:30	0	1899/12/30 0:08:30	0	1899/12/30 0:08:30	0
52	1899/12/30 0:08:40	1	1899/12/30 0:08:40	0	1899/12/30 0:08:40	1
53	1899/12/30 0:08:50	2	1899/12/30 0:08:50	0	1899/12/30 0:08:50	2
54	1899/12/30 0:09:00	7	1899/12/30 0:09:00	0	1899/12/30 0:09:00	7
55	1899/12/30 0:09:10	6	1899/12/30 0:09:10	0	1899/12/30 0:09:10	6
56	1899/12/30 0:09:20	13	1899/12/30 0:09:20	0	1899/12/30 0:09:20	13
57	1899/12/30 0:09:30	1	1899/12/30 0:09:30	0	1899/12/30 0:09:30	1
58	1899/12/30 0:09:40	5	1899/12/30 0:09:40	0	1899/12/30 0:09:40	5
59	1899/12/30 0:09:50	4	1899/12/30 0:09:50	0	1899/12/30 0:09:50	4
60	1899/12/30 0:10:00	3	1899/12/30 0:10:00	0	1899/12/30 0:10:00	3
61	1899/12/30 0:10:10	3	1899/12/30 0:10:10	0	1899/12/30 0:10:10	3
62	1899/12/30 0:10:20	3	1899/12/30 0:10:20	0	1899/12/30 0:10:20	3
63	1899/12/30 0:10:30	1	1899/12/30 0:10:30	0	1899/12/30 0:10:30	1
64	1899/12/30 0:10:40	0	1899/12/30 0:10:40	0	1899/12/30 0:10:40	0
65	1899/12/30 0:10:50	5	1899/12/30 0:10:50	0	1899/12/30 0:10:50	5
66	1899/12/30 0:11:00	4	1899/12/30 0:11:00	0	1899/12/30 0:11:00	4
67	1899/12/30 0:11:10	5	1899/12/30 0:11:10	0	1899/12/30 0:11:10	5
68	1899/12/30 0:11:20	7	1899/12/30 0:11:20	0	1899/12/30 0:11:20	7
69	1899/12/30 0:11:30	6	1899/12/30 0:11:30	0	1899/12/30 0:11:30	6
70	1899/12/30 0:11:40	9	1899/12/30 0:11:40	0	1899/12/30 0:11:40	9
71	1899/12/30 0:11:50	10	1899/12/30 0:11:50	0	1899/12/30 0:11:50	10
72	1899/12/30 0:12:00	10	1899/12/30 0:12:00	0	1899/12/30 0:12:00	10
73	1899/12/30 0:12:10	6	1899/12/30 0:12:10	0	1899/12/30 0:12:10	6
74	1899/12/30 0:12:20	3	1899/12/30 0:12:20	0	1899/12/30 0:12:20	3
75	1899/12/30 0:12:30	3	1899/12/30 0:12:30	0	1899/12/30 0:12:30	3
76	1899/12/30 0:12:40	8	1899/12/30 0:12:40	0	1899/12/30 0:12:40	8
77	1899/12/30 0:12:50	5	1899/12/30 0:12:50	0	1899/12/30 0:12:50	5
78	1899/12/30 0:13:00	4	1899/12/30 0:13:00	0	1899/12/30 0:13:00	4
79	1899/12/30 0:13:10	4	1899/12/30 0:13:10	0	1899/12/30 0:13:10	4
80	1899/12/30 0:13:20	5	1899/12/30 0:13:20	0	1899/12/30 0:13:20	5
81	1899/12/30 0:13:30	5	1899/12/30 0:13:30	0	1899/12/30 0:13:30	5
82	1899/12/30 0:13:40	2	1899/12/30 0:13:40	0	1899/12/30 0:13:40	2
83	1899/12/30 0:13:50	1	1899/12/30 0:13:50	0	1899/12/30 0:13:50	1
84	1899/12/30 0:14:00	3	1899/12/30 0:14:00	0	1899/12/30 0:14:00	3
85	1899/12/30 0:14:10	1	1899/12/30 0:14:10	0	1899/12/30 0:14:10	1
86	1899/12/30 0:14:20	0	1899/12/30 0:14:20	0	1899/12/30 0:14:20	0
87	1899/12/30 0:14:30	0	1899/12/30 0:14:30	0	1899/12/30 0:14:30	0
88	1899/12/30 0:14:40	0	1899/12/30 0:14:40	0	1899/12/30 0:14:40	0
89	1899/12/30 0:14:50	0	1899/12/30 0:14:50	0	1899/12/30 0:14:50	0
90	1899/12/30 0:15:00	0	1899/12/30 0:15:00	0	1899/12/30 0:15:00	0
91	1899/12/30 0:15:10	0	1899/12/30 0:15:10	0	1899/12/30 0:15:10	0
92	1899/12/30 0:15:20	0	1899/12/30 0:15:20	0	1899/12/30 0:15:20	0
93	1899/12/30 0:15:30	1	1899/12/30 0:15:30	0	1899/12/30 0:15:30	1
94	1899/12/30 0:15:40	1	1899/12/30 0:15:40	0	1899/12/30 0:15:40	1
95	1899/12/30 0:15:50	1	1899/12/30 0:15:50	0	1899/12/30 0:15:50	1
96	1899/12/30 0:16:00	2	1899/12/30 0:16:00	0	1899/12/30 0:16:00	2
97	1899/12/30 0:16:10	1	1899/12/30 0:16:10	0	1899/12/30 0:16:10	1
98	1899/12/30 0:16:20	0	1899/12/30 0:16:20	0	1899/12/30 0:16:20	0
99	1899/12/30 0:16:30	0	1899/12/30 0:16:30	1	1899/12/30 0:16:30	1
100	1899/12/30 0:16:40	0	1899/12/30 0:16:40	7	1899/12/30 0:16:40	7
101	1899/12/30 0:16:50	0	1899/12/30 0:16:50	6	1899/12/30 0:16:50	6
102	1899/12/30 0:17:00	0	1899/12/30 0:17:00	9	1899/12/30 0:17:00	9
103	1899/12/30 0:17:10	0	1899/12/30 0:17:10	7	1899/12/30 0:17:10	7
104	1899/12/30 0:17:20	0	1899/12/30 0:17:20	28	1899/12/30 0:17:20	28
105	1899/12/30 0:17:30	0	1899/12/30 0:17:30	25	1899/12/30 0:17:30	25
106	1899/12/30 0:17:40	0	1899/12/30 0:17:40	11	1899/12/30 0:17:40	11
107	1899/12/30 0:17:50	0	1899/12/30 0:17:50	14	1899/12/30 0:17:50	14
108	1899/12/30 0:18:00	1	1899/12/30 0:18:00	5	1899/12/30 0:18:00	6
109	1899/12/30 0:18:10	0	1899/12/30 0:18:10	6	1899/12/30 0:18:10	6
110	1899/12/30 0:18:20	1	1899/12/30 0:18:20	5	1899/12/30 0:18:20	6
111	1899/12/30 0:18:30	1	1899/12/30 0:18:30	2	1899/12/30 0:18:30	3
112	1899/12/30 0:18:40	2	1899/12/30 0:18:40	5	1899/12/30 0:18:40	7
113	1899/12/30 0:18:50	1	1899/12/30 0:18:50	4	1899/12/30 0:18:50	5
114	1899/12/30 0:19:00	1	1899/12/30 0:19:00	0	1899/12/30 0:19:00	1
115	1899/12/30 0:19:10	2	1899/12/30 0:19:10	0	1899/12/30 0:19:10	2
116	1899/12/30 0:19:20	1	1899/12/30 0:19:20	0	1899/12/30 0:19:20	1
117	1899/12/30 0:19:30	1	1899/12/30 0:19:30	0	1899/12/30 0:19:30	1
118	1899/12/30 0:19:40	2	1899/12/30 0:19:40	0	1899/12/30 0:19:40	2
119	1899/12/30 0:19:50	5	1899/12/30 0:19:50	0	1899/12/30 0:19:50	5
120	1899/12/30 0:20:00	2	1899/12/30 0:20:00	0	1899/12/30 0:20:00	2
121	1899/12/30 0:20:10	3	1899/12/30 0:20:10	0	1899/12/30 0:20:10	3
122	1899/12/30 0:20:20	7	1899/12/30 0:20:20	0	1899/12/30 0:20:20	7
123	1899/12/30 0:20:30	4	1899/12/30 0:20:30	0	1899/12/30 0:20:30	4
124	1899/12/30 0:20:40	9	1899/12/30 0:20:40	0	1899/12/30 0:20:40	9
125	1899/12/30 0:20:50	8	1899/12/30 0:20:50	0	1899/12/30 0:20:50	8
126	1899/12/30 0:21:00	8	1899/12/30 0:21:00	0	1899/12/30 0:21:00	8
127	1899/12/30 0:21:10	12	1899/12/30 0:21:10	0	1899/12/30 0:21:10	12
128	1899/12/30 0:21:20	8	1899/12/30 0:21:20	0	1899/12/30 0:21:20	8
129	1899/12/30 0:21:30	6	1899/12/30 0:21:30	0	1899/12/30 0:21:30	6
130	1899/12/30 0:21:40	9	1899/12/30 0:21:40	0	1899/12/30 0:21:40	9
131	1899/12/30 0:21:50	5	1899/12/30 0:21:50	0	1899/12/30 0:21:50	5
132	1899/12/30 0:22:00	4	1899/12/30 0:22:00	0	1899/12/30 0:22:00	4
133	1899/12/30 0:22:10	2	1899/12/30 0:22:10	0	1899/12/30 0:22:10	2
134	1899/12/30 0:22:20	0	1899/12/30 0:22:20	0	1899/12/30 0:22:20	0
135	1899/12/30 0:22:30	2	1899/12/30 0:22:30	0	1899/12/30 0:22:30	2
136	1899/12/30 0:22:40	0	1899/12/30 0:22:40	0	1899/12/30 0:22:40	0
137	1899/12/30 0:22:50	0	1899/12/30 0:22:50	0	1899/12/30 0:22:50	0
138	1899/12/30 0:23:00	0	1899/12/30 0:23:00	0	1899/12/30 0:23:00	0
139	1899/12/30 0:23:10	0	1899/12/30 0:23:10	0	1899/12/30 0:23:10	0
140	1899/12/30 0:23:20	0	1899/12/30 0:23:20	0	1899/12/30 0:23:20	0
141	1899/12/30 0:23:30	0	1899/12/30 0:23:30	0	1899/12/30 0:23:30	0
142	1899/12/30 0:23:40	1	1899/12/30 0:23:40	0	1899/12/30 0:23:40	1
143	1899/12/30 0:23:50	0	1899/12/30 0:23:50	0	1899/12/30 0:23:50	0
144	1899/12/30 0:24:00	0	1899/12/30 0:24:00	0	1899/12/30 0:24:00	0
145	1899/12/30 0:24:10	1	1899/12/30 0:24:10	0	1899/12/30 0:24:10	1
146	1899/12/30 0:24:20	0	1899/12/30 0:24:20	0	1899/12/30 0:24:20	0
147	1899/12/30 0:24:30	1	1899/12/30 0:24:30	0	1899/12/30 0:24:30	1
148	1899/12/30 0:24:40	0	1899/12/30 0:24:40	0	1899/12/30 0:24:40	0
149	1899/12/30 0:24:50	1	1899/12/30 0:24:50	0	1899/12/30 0:24:50	1
150	1899/12/30 0:25:00	2	1899/12/30 0:25:00	0	1899/12/30 0:25:00	2
151	1899/12/30 0:25:10	1	1899/12/30 0:25:10	0	1899/12/30 0:25:10	1
152	1899/12/30 0:25:20	0	1899/12/30 0:25:20	0	1899/12/30 0:25:20	0
153	1899/12/30 0:25:30	1	1899/12/30 0:25:30	0	1899/12/30 0:25:30	1
154	1899/12/30 0:25:40	1	1899/12/30 0:25:40	0	1899/12/30 0:25:40	1
155	1899/12/30 0:25:50	1	1899/12/30 0:25:50	0	1899/12/30 0:25:50	1
156	1899/12/30 0:26:00	3	1899/12/30 0:26:00	0	1899/12/30 0:26:00	3
157	1899/12/30 0:26:10	2	1899/12/30 0:26:10	0	1899/12/30 0:26:10	2
158	1899/12/30 0:26:20	2	1899/12/30 0:26:20	0	1899/12/30 0:26:20	2
159	1899/12/30 0:26:30	1	1899/12/30 0:26:30	0	1899/12/30 0:26:30	1
160	1899/12/30 0:26:40	10	1899/12/30 0:26:40	0	1899/12/30 0:26:40	10
161	1899/12/30 0:26:50	3	1899/12/30 0:26:50	0	1899/12/30 0:26:50	3
162	1899/12/30 0:27:00	3	1899/12/30 0:27:00	0	1899/12/30 0:27:00	3
163	1899/12/30 0:27:10	1	1899/12/30 0:27:10	0	1899/12/30 0:27:10	1
164	1899/12/30 0:27:20	5	1899/12/30 0:27:20	0	1899/12/30 0:27:20	5
165	1899/12/30 0:27:30	4	1899/12/30 0:27:30	0	1899/12/30 0:27:30	4
166	1899/12/30 0:27:40	5	1899/12/30 0:27:40	0	1899/12/30 0:27:40	5
167	1899/12/30 0:27:50	9	1899/12/30 0:27:50	0	1899/12/30 0:27:50	9
168	1899/12/30 0:28:00	6	1899/12/30 0:28:00	0	1899/12/30 0:28:00	6
169	1899/12/30 0:28:10	7	1899/12/30 0:28:10	0	1899/12/30 0:28:10	7
170	1899/12/30 0:28:20	2	1899/12/30 0:28:20	0	1899/12/30 0:28:20	2
171	1899/12/30 0:28:30	2	1899/12/30 0:28:30	1	1899/12/30 0:28:30	3
172	1899/12/30 0:28:40	3	1899/12/30 0:28:40	2	1899/12/30 0:28:40	5
173	1899/12/30 0:28:50	0	1899/12/30 0:28:50	9	1899/12/30 0:28:50	9
174	1899/12/30 0:29:00	5	1899/12/30 0:29:00	3	1899/12/30 0:29:00	8
175	1899/12/30 0:29:10	2	1899/12/30 0:29:10	9	1899/12/30 0:29:10	11
176	1899/12/30 0:29:20	5	1899/12/30 0:29:20	11	1899/12/30 0:29:20	16
177	1899/12/30 0:29:30	4	1899/12/30 0:29:30	7	1899/12/30 0:29:30	11
178	1899/12/30 0:29:40	3	1899/12/30 0:29:40	7	1899/12/30 0:29:40	10
179	1899/12/30 0:29:50	4	1899/12/30 0:29:50	10	1899/12/30 0:29:50	14
180	1899/12/30 0:30:00	4	1899/12/30 0:30:00	8	1899/12/30 0:30:00	12
181	1899/12/30 0:30:10	9	1899/12/30 0:30:10	9	1899/12/30 0:30:10	18
182	1899/12/30 0:30:20	3	1899/12/30 0:30:20	10	1899/12/30 0:30:20	13
183	1899/12/30 0:30:30	4	1899/12/30 0:30:30	1	1899/12/30 0:30:30	5
184	1899/12/30 0:30:40	1	1899/12/30 0:30:40	2	1899/12/30 0:30:40	3
185	1899/12/30 0:30:50	0	1899/12/30 0:30:50	0	1899/12/30 0:30:50	0
186	1899/12/30 0:31:00	3	1899/12/30 0:31:00	0	1899/12/30 0:31:00	3
187	1899/12/30 0:31:10	0	1899/12/30 0:31:10	0	1899/12/30 0:31:10	0
188	1899/12/30 0:31:20	0	1899/12/30 0:31:20	2	1899/12/30 0:31:20	2
189	1899/12/30 0:31:30	1	1899/12/30 0:31:30	2	1899/12/30 0:31:30	3
190	1899/12/30 0:31:40	1	1899/12/30 0:31:40	2	1899/12/30 0:31:40	3
191	1899/12/30 0:31:50	0	1899/12/30 0:31:50	0	1899/12/30 0:31:50	0
192	1899/12/30 0:32:00	0	1899/12/30 0:32:00	0	1899/12/30 0:32:00	0
193	1899/12/30 0:32:10	0	1899/12/30 0:32:10	0	1899/12/30 0:32:10	0
194	1899/12/30 0:32:20	2	1899/12/30 0:32:20	0	1899/12/30 0:32:20	2
195	1899/12/30 0:32:30	1	1899/12/30 0:32:30	0	1899/12/30 0:32:30	1
196	1899/12/30 0:32:40	1	1899/12/30 0:32:40	0	1899/12/30 0:32:40	1
197	1899/12/30 0:32:50	0	1899/12/30 0:32:50	0	1899/12/30 0:32:50	0
198	1899/12/30 0:33:00	1	1899/12/30 0:33:00	0	1899/12/30 0:33:00	1
199	1899/12/30 0:33:10	0	1899/12/30 0:33:10	0	1899/12/30 0:33:10	0
200	1899/12/30 0:33:20	0	1899/12/30 0:33:20	0	1899/12/30 0:33:20	0
201	1899/12/30 0:33:30	0	1899/12/30 0:33:30	0	1899/12/30 0:33:30	0
202	1899/12/30 0:33:40	0	1899/12/30 0:33:40	0	1899/12/30 0:33:40	0
203	1899/12/30 0:33:50	0	1899/12/30 0:33:50	0	1899/12/30 0:33:50	0
204	1899/12/30 0:34:00	1	1899/12/30 0:34:00	0	1899/12/30 0:34:00	1
205	1899/12/30 0:34:10	1	1899/12/30 0:34:10	0	1899/12/30 0:34:10	1
206	1899/12/30 0:34:20	3	1899/12/30 0:34:20	0	1899/12/30 0:34:20	3
207	1899/12/30 0:34:30	2	1899/12/30 0:34:30	0	1899/12/30 0:34:30	2
208	1899/12/30 0:34:40	0	1899/12/30 0:34:40	0	1899/12/30 0:34:40	0
209	1899/12/30 0:34:50	1	1899/12/30 0:34:50	0	1899/12/30 0:34:50	1
210	1899/12/30 0:35:00	2	1899/12/30 0:35:00	0	1899/12/30 0:35:00	2
211	1899/12/30 0:35:10	6	1899/12/30 0:35:10	0	1899/12/30 0:35:10	6
212	1899/12/30 0:35:20	3	1899/12/30 0:35:20	0	1899/12/30 0:35:20	3
213	1899/12/30 0:35:30	6	1899/12/30 0:35:30	0	1899/12/30 0:35:30	6
214	1899/12/30 0:35:40	9	1899/12/30 0:35:40	0	1899/12/30 0:35:40	9
215	1899/12/30 0:35:50	5	1899/12/30 0:35:50	0	1899/12/30 0:35:50	5
216	1899/12/30 0:36:00	4	1899/12/30 0:36:00	0	1899/12/30 0:36:00	4
217	1899/12/30 0:36:10	2	1899/12/30 0:36:10	0	1899/12/30 0:36:10	2
218	1899/12/30 0:36:20	7	1899/12/30 0:36:20	0	1899/12/30 0:36:20	7
219	1899/12/30 0:36:30	4	1899/12/30 0:36:30	0	1899/12/30 0:36:30	4
220	1899/12/30 0:36:40	8	1899/12/30 0:36:40	0	1899/12/30 0:36:40	8
221	1899/12/30 0:36:50	8	1899/12/30 0:36:50	0	1899/12/30 0:36:50	8
222	1899/12/30 0:37:00	9	1899/12/30 0:37:00	0	1899/12/30 0:37:00	9
223	1899/12/30 0:37:10	5	1899/12/30 0:37:10	0	1899/12/30 0:37:10	5
224	1899/12/30 0:37:20	5	1899/12/30 0:37:20	0	1899/12/30 0:37:20	5
225	1899/12/30 0:37:30	8	1899/12/30 0:37:30	0	1899/12/30 0:37:30	8
226	1899/12/30 0:37:40	8	1899/12/30 0:37:40	0	1899/12/30 0:37:40	8
227	1899/12/30 0:37:50	4	1899/12/30 0:37:50	0	1899/12/30 0:37:50	4
228	1899/12/30 0:38:00	5	1899/12/30 0:38:00	0	1899/12/30 0:38:00	5
229	1899/12/30 0:38:10	7	1899/12/30 0:38:10	0	1899/12/30 0:38:10	7
230	1899/12/30 0:38:20	4	1899/12/30 0:38:20	0	1899/12/30 0:38:20	4
231	1899/12/30 0:38:30	5	1899/12/30 0:38:30	0	1899/12/30 0:38:30	5
232	1899/12/30 0:38:40	5	1899/12/30 0:38:40	0	1899/12/30 0:38:40	5
233	1899/12/30 0:38:50	3	1899/12/30 0:38:50	0	1899/12/30 0:38:50	3
234	1899/12/30 0:39:00	1	1899/12/30 0:39:00	1	1899/12/30 0:39:00	2
235	1899/12/30 0:39:10	3	1899/12/30 0:39:10	0	1899/12/30 0:39:10	3
236	1899/12/30 0:39:20	2	1899/12/30 0:39:20	0	1899/12/30 0:39:20	2
237	1899/12/30 0:39:30	3	1899/12/30 0:39:30	0	1899/12/30 0:39:30	3
238	1899/12/30 0:39:40	2	1899/12/30 0:39:40	0	1899/12/30 0:39:40	2
239	1899/12/30 0:39:50	0	1899/12/30 0:39:50	0	1899/12/30 0:39:50	0
240	1899/12/30 0:40:00	2	1899/12/30 0:40:00	0	1899/12/30 0:40:00	2
241	1899/12/30 0:40:10	1	1899/12/30 0:40:10	0	1899/12/30 0:40:10	1
242	1899/12/30 0:40:20	1	1899/12/30 0:40:20	0	1899/12/30 0:40:20	1
243	1899/12/30 0:40:30	0	1899/12/30 0:40:30	4	1899/12/30 0:40:30	4
244	1899/12/30 0:40:40	1	1899/12/30 0:40:40	7	1899/12/30 0:40:40	8
245	1899/12/30 0:40:50	0	1899/12/30 0:40:50	9	1899/12/30 0:40:50	9
246	1899/12/30 0:41:00	0	1899/12/30 0:41:00	9	1899/12/30 0:41:00	9
247	1899/12/30 0:41:10	0	1899/12/30 0:41:10	9	1899/12/30 0:41:10	9
248	1899/12/30 0:41:20	0	1899/12/30 0:41:20	5	1899/12/30 0:41:20	5
249	1899/12/30 0:41:30	0	1899/12/30 0:41:30	12	1899/12/30 0:41:30	12
250	1899/12/30 0:41:40	0	1899/12/30 0:41:40	10	1899/12/30 0:41:40	10
251	1899/12/30 0:41:50	0	1899/12/30 0:41:50	9	1899/12/30 0:41:50	9
252	1899/12/30 0:42:00	0	1899/12/30 0:42:00	15	1899/12/30 0:42:00	15
253	1899/12/30 0:42:10	0	1899/12/30 0:42:10	20	1899/12/30 0:42:10	20
254	1899/12/30 0:42:20	0	1899/12/30 0:42:20	22	1899/12/30 0:42:20	22
255	1899/12/30 0:42:30	1	1899/12/30 0:42:30	19	1899/12/30 0:42:30	20
256	1899/12/30 0:42:40	2	1899/12/30 0:42:40	9	1899/12/30 0:42:40	11
257	1899/12/30 0:42:50	1	1899/12/30 0:42:50	5	1899/12/30 0:42:50	6
258	1899/12/30 0:43:00	2	1899/12/30 0:43:00	2	1899/12/30 0:43:00	4
259	1899/12/30 0:43:10	1	1899/12/30 0:43:10	2	1899/12/30 0:43:10	3
260	1899/12/30 0:43:20	1	1899/12/30 0:43:20	0	1899/12/30 0:43:20	1
261	1899/12/30 0:43:30	2	1899/12/30 0:43:30	2	1899/12/30 0:43:30	4
262	1899/12/30 0:43:40	5	1899/12/30 0:43:40	1	1899/12/30 0:43:40	6
263	1899/12/30 0:43:50	1	1899/12/30 0:43:50	0	1899/12/30 0:43:50	1
264	1899/12/30 0:44:00	3	1899/12/30 0:44:00	0	1899/12/30 0:44:00	3
265	1899/12/30 0:44:10	3	1899/12/30 0:44:10	0	1899/12/30 0:44:10	3
266	1899/12/30 0:44:20	8	1899/12/30 0:44:20	0	1899/12/30 0:44:20	8
267	1899/12/30 0:44:30	6	1899/12/30 0:44:30	0	1899/12/30 0:44:30	6
268	1899/12/30 0:44:40	5	1899/12/30 0:44:40	0	1899/12/30 0:44:40	5
269	1899/12/30 0:44:50	4	1899/12/30 0:44:50	0	1899/12/30 0:44:50	4
270	1899/12/30 0:45:00	4	1899/12/30 0:45:00	0	1899/12/30 0:45:00	4
271	1899/12/30 0:45:10	5	1899/12/30 0:45:10	0	1899/12/30 0:45:10	5
272	1899/12/30 0:45:20	8	1899/12/30 0:45:20	0	1899/12/30 0:45:20	8
273	1899/12/30 0:45:30	3	1899/12/30 0:45:30	0	1899/12/30 0:45:30	3
274	1899/12/30 0:45:40	5	1899/12/30 0:45:40	0	1899/12/30 0:45:40	5
275	1899/12/30 0:45:50	5	1899/12/30 0:45:50	0	1899/12/30 0:45:50	5
276	1899/12/30 0:46:00	8	1899/12/30 0:46:00	0	1899/12/30 0:46:00	8
277	1899/12/30 0:46:10	4	1899/12/30 0:46:10	0	1899/12/30 0:46:10	4
278	1899/12/30 0:46:20	6	1899/12/30 0:46:20	0	1899/12/30 0:46:20	6
279	1899/12/30 0:46:30	3	1899/12/30 0:46:30	0	1899/12/30 0:46:30	3
280	1899/12/30 0:46:40	3	1899/12/30 0:46:40	0	1899/12/30 0:46:40	3
281	1899/12/30 0:46:50	6	1899/12/30 0:46:50	0	1899/12/30 0:46:50	6
282	1899/12/30 0:47:00	2	1899/12/30 0:47:00	0	1899/12/30 0:47:00	2
283	1899/12/30 0:47:10	5	1899/12/30 0:47:10	0	1899/12/30 0:47:10	5
284	1899/12/30 0:47:20	2	1899/12/30 0:47:20	0	1899/12/30 0:47:20	2
285	1899/12/30 0:47:30	2	1899/12/30 0:47:30	0	1899/12/30 0:47:30	2
286	1899/12/30 0:47:40	5	1899/12/30 0:47:40	0	1899/12/30 0:47:40	5
287	1899/12/30 0:47:50	4	1899/12/30 0:47:50	0	1899/12/30 0:47:50	4
288	1899/12/30 0:48:00	1	1899/12/30 0:48:00	0	1899/12/30 0:48:00	1
289	1899/12/30 0:48:10	3	1899/12/30 0:48:10	1	1899/12/30 0:48:10	4
290	1899/12/30 0:48:20	1	1899/12/30 0:48:20	0	1899/12/30 0:48:20	1
291	1899/12/30 0:48:30	0	1899/12/30 0:48:30	0	1899/12/30 0:48:30	0
292	1899/12/30 0:48:40	0	1899/12/30 0:48:40	16	1899/12/30 0:48:40	16
293	1899/12/30 0:48:50	0	1899/12/30 0:48:50	13	1899/12/30 0:48:50	13
294	1899/12/30 0:49:00	0	1899/12/30 0:49:00	19	1899/12/30 0:49:00	19
295	1899/12/30 0:49:10	0	1899/12/30 0:49:10	35	1899/12/30 0:49:10	35
296	1899/12/30 0:49:20	0	1899/12/30 0:49:20	30	1899/12/30 0:49:20	30
297	1899/12/30 0:49:30	0	1899/12/30 0:49:30	21	1899/12/30 0:49:30	21
298	1899/12/30 0:49:40	0	1899/12/30 0:49:40	23	1899/12/30 0:49:40	23
299	1899/12/30 0:49:50	0	1899/12/30 0:49:50	23	1899/12/30 0:49:50	23
300	1899/12/30 0:50:00	0	1899/12/30 0:50:00	11	1899/12/30 0:50:00	11
301	1899/12/30 0:50:10	0	1899/12/30 0:50:10	9	1899/12/30 0:50:10	9
302	1899/12/30 0:50:20	0	1899/12/30 0:50:20	4	1899/12/30 0:50:20	4
303	1899/12/30 0:50:30	0	1899/12/30 0:50:30	3	1899/12/30 0:50:30	3
304	1899/12/30 0:50:40	1	1899/12/30 0:50:40	13	1899/12/30 0:50:40	14
305	1899/12/30 0:50:50	0	1899/12/30 0:50:50	12	1899/12/30 0:50:50	12
306	1899/12/30 0:51:00	0	1899/12/30 0:51:00	16	1899/12/30 0:51:00	16
307	1899/12/30 0:51:10	1	1899/12/30 0:51:10	3	1899/12/30 0:51:10	4
308	1899/12/30 0:51:20	0	1899/12/30 0:51:20	1	1899/12/30 0:51:20	1
309	1899/12/30 0:51:30	0	1899/12/30 0:51:30	0	1899/12/30 0:51:30	0
310	1899/12/30 0:51:40	1	1899/12/30 0:51:40	0	1899/12/30 0:51:40	1
311	1899/12/30 0:51:50	0	1899/12/30 0:51:50	0	1899/12/30 0:51:50	0
312	1899/12/30 0:52:00	0	1899/12/30 0:52:00	1	1899/12/30 0:52:00	1
313	1899/12/30 0:52:10	0	1899/12/30 0:52:10	0	1899/12/30 0:52:10	0
314	1899/12/30 0:52:20	0	1899/12/30 0:52:20	0	1899/12/30 0:52:20	0
315	1899/12/30 0:52:30	0	1899/12/30 0:52:30	2	1899/12/30 0:52:30	2
316	1899/12/30 0:52:40	0	1899/12/30 0:52:40	2	1899/12/30 0:52:40	2
317	1899/12/30 0:52:50	0	1899/12/30 0:52:50	1	1899/12/30 0:52:50	1
318	1899/12/30 0:53:00	0	1899/12/30 0:53:00	2	1899/12/30 0:53:00	2
319	1899/12/30 0:53:10	1	1899/12/30 0:53:10	9	1899/12/30 0:53:10	10
320	1899/12/30 0:53:20	4	1899/12/30 0:53:20	14	1899/12/30 0:53:20	18
321	1899/12/30 0:53:30	4	1899/12/30 0:53:30	18	1899/12/30 0:53:30	22
322	1899/12/30 0:53:40	0	1899/12/30 0:53:40	14	1899/12/30 0:53:40	14
323	1899/12/30 0:53:50	2	1899/12/30 0:53:50	14	1899/12/30 0:53:50	16
324	1899/12/30 0:54:00	2	1899/12/30 0:54:00	16	1899/12/30 0:54:00	18
325	1899/12/30 0:54:10	0	1899/12/30 0:54:10	16	1899/12/30 0:54:10	16
326	1899/12/30 0:54:20	0	1899/12/30 0:54:20	1	1899/12/30 0:54:20	1
327	1899/12/30 0:54:30	0	1899/12/30 0:54:30	0	1899/12/30 0:54:30	0
328	1899/12/30 0:54:40	0	1899/12/30 0:54:40	1	1899/12/30 0:54:40	1
329	1899/12/30 0:54:50	0	1899/12/30 0:54:50	0	1899/12/30 0:54:50	0
330	1899/12/30 0:55:00	0	1899/12/30 0:55:00	1	1899/12/30 0:55:00	1
331	1899/12/30 0:55:10	0	1899/12/30 0:55:10	2	1899/12/30 0:55:10	2
332	1899/12/30 0:55:20	0	1899/12/30 0:55:20	1	1899/12/30 0:55:20	1
333	1899/12/30 0:55:30	0	1899/12/30 0:55:30	0	1899/12/30 0:55:30	0
334	1899/12/30 0:55:40	0	1899/12/30 0:55:40	0	1899/12/30 0:55:40	0
335	1899/12/30 0:55:50	0	1899/12/30 0:55:50	0	1899/12/30 0:55:50	0
336	1899/12/30 0:56:00	0	1899/12/30 0:56:00	0	1899/12/30 0:56:00	0
337	1899/12/30 0:56:10	0	1899/12/30 0:56:10	0	1899/12/30 0:56:10	0
338	1899/12/30 0:56:20	0	1899/12/30 0:56:20	0	1899/12/30 0:56:20	0
339	1899/12/30 0:56:30	0	1899/12/30 0:56:30	0	1899/12/30 0:56:30	0
340	1899/12/30 0:56:40	0	1899/12/30 0:56:40	0	1899/12/30 0:56:40	0
341	1899/12/30 0:56:50	0	1899/12/30 0:56:50	0	1899/12/30 0:56:50	0
342	1899/12/30 0:57:00	0	1899/12/30 0:57:00	0	1899/12/30 0:57:00	0
343	1899/12/30 0:57:10	0	1899/12/30 0:57:10	0	1899/12/30 0:57:10	0
344	1899/12/30 0:57:20	0	1899/12/30 0:57:20	0	1899/12/30 0:57:20	0
345	1899/12/30 0:57:30	0	1899/12/30 0:57:30	0	1899/12/30 0:57:30	0
346	1899/12/30 0:57:40	0	1899/12/30 0:57:40	0	1899/12/30 0:57:40	0
347	1899/12/30 0:57:50	1	1899/12/30 0:57:50	0	1899/12/30 0:57:50	1
348	1899/12/30 0:58:00	0	1899/12/30 0:58:00	0	1899/12/30 0:58:00	0
349	1899/12/30 0:58:10	0	1899/12/30 0:58:10	0	1899/12/30 0:58:10	0
350	1899/12/30 0:58:20	0	1899/12/30 0:58:20	0	1899/12/30 0:58:20	0
351	1899/12/30 0:58:30	0	1899/12/30 0:58:30	0	1899/12/30 0:58:30	0
352	1899/12/30 0:58:40	0	1899/12/30 0:58:40	0	1899/12/30 0:58:40	0
353	1899/12/30 0:58:50	0	1899/12/30 0:58:50	0	1899/12/30 0:58:50	0
354	1899/12/30 0:59:00	0	1899/12/30 0:59:00	0	1899/12/30 0:59:00	0
355	1899/12/30 0:59:10	0	1899/12/30 0:59:10	0	1899/12/30 0:59:10	0
356	1899/12/30 0:59:20	0	1899/12/30 0:59:20	0	1899/12/30 0:59:20	0
357	1899/12/30 0:59:30	0	1899/12/30 0:59:30	0	1899/12/30 0:59:30	0
358	1899/12/30 0:59:40	0	1899/12/30 0:59:40	0	1899/12/30 0:59:40	0
359	1899/12/30 0:59:50	0	1899/12/30 0:59:50	0	1899/12/30 0:59:50	0
360	1899/12/30 1:00:00	0	1899/12/30 1:00:00	0	1899/12/30 1:00:00	0
361	1899/12/30 1:00:10	0	1899/12/30 1:00:10	0	1899/12/30 1:00:10	0
362	1899/12/30 1:00:20	0	1899/12/30 1:00:20	0	1899/12/30 1:00:20	0
363	1899/12/30 1:00:30	0	1899/12/30 1:00:30	0	1899/12/30 1:00:30	0
364	1899/12/30 1:00:40	1	1899/12/30 1:00:40	0	1899/12/30 1:00:40	1
365	1899/12/30 1:00:50	0	1899/12/30 1:00:50	0	1899/12/30 1:00:50	0
366	1899/12/30 1:01:00	0	1899/12/30 1:01:00	0	1899/12/30 1:01:00	0
367	1899/12/30 1:01:10	0	1899/12/30 1:01:10	0	1899/12/30 1:01:10	0
368	1899/12/30 1:01:20	0	1899/12/30 1:01:20	0	1899/12/30 1:01:20	0
369	1899/12/30 1:01:30	0	1899/12/30 1:01:30	0	1899/12/30 1:01:30	0
370	1899/12/30 1:01:40	0	1899/12/30 1:01:40	0	1899/12/30 1:01:40	0
371	1899/12/30 1:01:50	0	1899/12/30 1:01:50	0	1899/12/30 1:01:50	0
372	1899/12/30 1:02:00	0	1899/12/30 1:02:00	0	1899/12/30 1:02:00	0
373	1899/12/30 1:02:10	0	1899/12/30 1:02:10	0	1899/12/30 1:02:10	0
374	1899/12/30 1:02:20	0	1899/12/30 1:02:20	0	1899/12/30 1:02:20	0
375	1899/12/30 1:02:30	0	1899/12/30 1:02:30	0	1899/12/30 1:02:30	0
376	1899/12/30 1:02:40	0	1899/12/30 1:02:40	0	1899/12/30 1:02:40	0
377	1899/12/30 1:02:50	0	1899/12/30 1:02:50	0	1899/12/30 1:02:50	0
378	1899/12/30 1:03:00	0	1899/12/30 1:03:00	0	1899/12/30 1:03:00	0
379	1899/12/30 1:03:10	0	1899/12/30 1:03:10	0	1899/12/30 1:03:10	0
380	1899/12/30 1:03:20	0	1899/12/30 1:03:20	0	1899/12/30 1:03:20	0
381	1899/12/30 1:03:30	0	1899/12/30 1:03:30	0	1899/12/30 1:03:30	0
382	1899/12/30 1:03:40	0	1899/12/30 1:03:40	0	1899/12/30 1:03:40	0
383	1899/12/30 1:03:50	0	1899/12/30 1:03:50	0	1899/12/30 1:03:50	0
384	1899/12/30 1:04:00	0	1899/12/30 1:04:00	0	1899/12/30 1:04:00	0
385	1899/12/30 1:04:10	0	1899/12/30 1:04:10	0	1899/12/30 1:04:10	0
386	1899/12/30 1:04:20	0	1899/12/30 1:04:20	0	1899/12/30 1:04:20	0
387	1899/12/30 1:04:30	0	1899/12/30 1:04:30	0	1899/12/30 1:04:30	0
388	1899/12/30 1:04:40	0	1899/12/30 1:04:40	0	1899/12/30 1:04:40	0
389	1899/12/30 1:04:50	0	1899/12/30 1:04:50	0	1899/12/30 1:04:50	0
390	1899/12/30 1:05:00	0	1899/12/30 1:05:00	0	1899/12/30 1:05:00	0
391	1899/12/30 1:05:10	0	1899/12/30 1:05:10	0	1899/12/30 1:05:10	0
392	1899/12/30 1:05:20	0	1899/12/30 1:05:20	0	1899/12/30 1:05:20	0
393	1899/12/30 1:05:30	0	1899/12/30 1:05:30	0	1899/12/30 1:05:30	0
394	1899/12/30 1:05:40	0	1899/12/30 1:05:40	0	1899/12/30 1:05:40	0
395	1899/12/30 1:05:50	0	1899/12/30 1:05:50	0	1899/12/30 1:05:50	0
396	1899/12/30 1:06:00	0	1899/12/30 1:06:00	0	1899/12/30 1:06:00	0
397	1899/12/30 1:06:10	0	1899/12/30 1:06:10	0	1899/12/30 1:06:10	0
398	1899/12/30 1:06:20	0	1899/12/30 1:06:20	0	1899/12/30 1:06:20	0
399	1899/12/30 1:06:30	0	1899/12/30 1:06:30	0	1899/12/30 1:06:30	0
400	1899/12/30 1:06:40	0	1899/12/30 1:06:40	0	1899/12/30 1:06:40	0
401	1899/12/30 1:06:50	0	1899/12/30 1:06:50	0	1899/12/30 1:06:50	0
402	1899/12/30 1:07:00	0	1899/12/30 1:07:00	0	1899/12/30 1:07:00	0
403	1899/12/30 1:07:10	0	1899/12/30 1:07:10	0	1899/12/30 1:07:10	0
404	1899/12/30 1:07:20	0	1899/12/30 1:07:20	0	1899/12/30 1:07:20	0
405	1899/12/30 1:07:30	0	1899/12/30 1:07:30	0	1899/12/30 1:07:30	0
406	1899/12/30 1:07:40	0	1899/12/30 1:07:40	0	1899/12/30 1:07:40	0
407	1899/12/30 1:07:50	0	1899/12/30 1:07:50	0	1899/12/30 1:07:50	0
408	1899/12/30 1:08:00	0	1899/12/30 1:08:00	0	1899/12/30 1:08:00	0
409	1899/12/30 1:08:10	0	1899/12/30 1:08:10	0	1899/12/30 1:08:10	0
410	1899/12/30 1:08:20	0	1899/12/30 1:08:20	0	1899/12/30 1:08:20	0
411	1899/12/30 1:08:30	0	1899/12/30 1:08:30	0	1899/12/30 1:08:30	0
412	1899/12/30 1:08:40	0	1899/12/30 1:08:40	0	1899/12/30 1:08:40	0
413	1899/12/30 1:08:50	0	1899/12/30 1:08:50	0	1899/12/30 1:08:50	0
414	1899/12/30 1:09:00	0	1899/12/30 1:09:00	0	1899/12/30 1:09:00	0
415	1899/12/30 1:09:10	0	1899/12/30 1:09:10	0	1899/12/30 1:09:10	0
416	1899/12/30 1:09:20	0	1899/12/30 1:09:20	0	1899/12/30 1:09:20	0
417	1899/12/30 1:09:30	0	1899/12/30 1:09:30	0	1899/12/30 1:09:30	0
418	1899/12/30 1:09:40	0	1899/12/30 1:09:40	0	1899/12/30 1:09:40	0
419	1899/12/30 1:09:50	0	1899/12/30 1:09:50	0	1899/12/30 1:09:50	0
420	1899/12/30 1:10:00	0	1899/12/30 1:10:00	0	1899/12/30 1:10:00	0

