Index	X	Left to Right	X	Right to Left	X	Sum
0	1899/12/30	0	1899/12/30	0	1899/12/30	0
1	1899/12/30 0:00:10	0	1899/12/30 0:00:10	0	1899/12/30 0:00:10	0
2	1899/12/30 0:00:20	0	1899/12/30 0:00:20	0	1899/12/30 0:00:20	0
3	1899/12/30 0:00:30	0	1899/12/30 0:00:30	0	1899/12/30 0:00:30	0
4	1899/12/30 0:00:40	0	1899/12/30 0:00:40	0	1899/12/30 0:00:40	0
5	1899/12/30 0:00:50	0	1899/12/30 0:00:50	0	1899/12/30 0:00:50	0
6	1899/12/30 0:01:00	2	1899/12/30 0:01:00	0	1899/12/30 0:01:00	2
7	1899/12/30 0:01:10	3	1899/12/30 0:01:10	4	1899/12/30 0:01:10	7
8	1899/12/30 0:01:20	0	1899/12/30 0:01:20	0	1899/12/30 0:01:20	0
9	1899/12/30 0:01:30	0	1899/12/30 0:01:30	0	1899/12/30 0:01:30	0
10	1899/12/30 0:01:40	2	1899/12/30 0:01:40	1	1899/12/30 0:01:40	3
11	1899/12/30 0:01:50	4	1899/12/30 0:01:50	1	1899/12/30 0:01:50	5
12	1899/12/30 0:02:00	0	1899/12/30 0:02:00	4	1899/12/30 0:02:00	4
13	1899/12/30 0:02:10	5	1899/12/30 0:02:10	2	1899/12/30 0:02:10	7
14	1899/12/30 0:02:20	1	1899/12/30 0:02:20	3	1899/12/30 0:02:20	4
15	1899/12/30 0:02:30	0	1899/12/30 0:02:30	0	1899/12/30 0:02:30	0
16	1899/12/30 0:02:40	4	1899/12/30 0:02:40	0	1899/12/30 0:02:40	4
17	1899/12/30 0:02:50	5	1899/12/30 0:02:50	5	1899/12/30 0:02:50	10
18	1899/12/30 0:03:00	5	1899/12/30 0:03:00	3	1899/12/30 0:03:00	8
19	1899/12/30 0:03:10	2	1899/12/30 0:03:10	6	1899/12/30 0:03:10	8
20	1899/12/30 0:03:20	1	1899/12/30 0:03:20	1	1899/12/30 0:03:20	2
21	1899/12/30 0:03:30	6	1899/12/30 0:03:30	1	1899/12/30 0:03:30	7
22	1899/12/30 0:03:40	2	1899/12/30 0:03:40	4	1899/12/30 0:03:40	6
23	1899/12/30 0:03:50	2	1899/12/30 0:03:50	2	1899/12/30 0:03:50	4
24	1899/12/30 0:04:00	3	1899/12/30 0:04:00	1	1899/12/30 0:04:00	4
25	1899/12/30 0:04:10	1	1899/12/30 0:04:10	2	1899/12/30 0:04:10	3
26	1899/12/30 0:04:20	1	1899/12/30 0:04:20	1	1899/12/30 0:04:20	2
27	1899/12/30 0:04:30	1	1899/12/30 0:04:30	1	1899/12/30 0:04:30	2
28	1899/12/30 0:04:40	2	1899/12/30 0:04:40	0	1899/12/30 0:04:40	2
29	1899/12/30 0:04:50	5	1899/12/30 0:04:50	1	1899/12/30 0:04:50	6
30	1899/12/30 0:05:00	7	1899/12/30 0:05:00	3	1899/12/30 0:05:00	10
31	1899/12/30 0:05:10	3	1899/12/30 0:05:10	7	1899/12/30 0:05:10	10
32	1899/12/30 0:05:20	1	1899/12/30 0:05:20	2	1899/12/30 0:05:20	3
33	1899/12/30 0:05:30	8	1899/12/30 0:05:30	0	1899/12/30 0:05:30	8
34	1899/12/30 0:05:40	6	1899/12/30 0:05:40	3	1899/12/30 0:05:40	9
35	1899/12/30 0:05:50	2	1899/12/30 0:05:50	6	1899/12/30 0:05:50	8
36	1899/12/30 0:06:00	6	1899/12/30 0:06:00	2	1899/12/30 0:06:00	8
37	1899/12/30 0:06:10	6	1899/12/30 0:06:10	4	1899/12/30 0:06:10	10
38	1899/12/30 0:06:20	5	1899/12/30 0:06:20	4	1899/12/30 0:06:20	9
39	1899/12/30 0:06:30	2	1899/12/30 0:06:30	4	1899/12/30 0:06:30	6
40	1899/12/30 0:06:40	1	1899/12/30 0:06:40	4	1899/12/30 0:06:40	5
41	1899/12/30 0:06:50	4	1899/12/30 0:06:50	1	1899/12/30 0:06:50	5
42	1899/12/30 0:07:00	2	1899/12/30 0:07:00	3	1899/12/30 0:07:00	5
43	1899/12/30 0:07:10	8	1899/12/30 0:07:10	1	1899/12/30 0:07:10	9
44	1899/12/30 0:07:20	6	1899/12/30 0:07:20	5	1899/12/30 0:07:20	11
45	1899/12/30 0:07:30	1	1899/12/30 0:07:30	1	1899/12/30 0:07:30	2
46	1899/12/30 0:07:40	3	1899/12/30 0:07:40	2	1899/12/30 0:07:40	5
47	1899/12/30 0:07:50	5	1899/12/30 0:07:50	5	1899/12/30 0:07:50	10
48	1899/12/30 0:08:00	3	1899/12/30 0:08:00	1	1899/12/30 0:08:00	4
49	1899/12/30 0:08:10	1	1899/12/30 0:08:10	2	1899/12/30 0:08:10	3
50	1899/12/30 0:08:20	2	1899/12/30 0:08:20	1	1899/12/30 0:08:20	3
51	1899/12/30 0:08:30	1	1899/12/30 0:08:30	2	1899/12/30 0:08:30	3
52	1899/12/30 0:08:40	5	1899/12/30 0:08:40	2	1899/12/30 0:08:40	7
53	1899/12/30 0:08:50	3	1899/12/30 0:08:50	2	1899/12/30 0:08:50	5
54	1899/12/30 0:09:00	3	1899/12/30 0:09:00	3	1899/12/30 0:09:00	6
55	1899/12/30 0:09:10	1	1899/12/30 0:09:10	4	1899/12/30 0:09:10	5
56	1899/12/30 0:09:20	0	1899/12/30 0:09:20	1	1899/12/30 0:09:20	1
57	1899/12/30 0:09:30	3	1899/12/30 0:09:30	0	1899/12/30 0:09:30	3
58	1899/12/30 0:09:40	4	1899/12/30 0:09:40	3	1899/12/30 0:09:40	7
59	1899/12/30 0:09:50	1	1899/12/30 0:09:50	2	1899/12/30 0:09:50	3
60	1899/12/30 0:10:00	0	1899/12/30 0:10:00	2	1899/12/30 0:10:00	2
61	1899/12/30 0:10:10	7	1899/12/30 0:10:10	21	1899/12/30 0:10:10	28
62	1899/12/30 0:10:20	4	1899/12/30 0:10:20	30	1899/12/30 0:10:20	34
63	1899/12/30 0:10:30	6	1899/12/30 0:10:30	37	1899/12/30 0:10:30	43
64	1899/12/30 0:10:40	7	1899/12/30 0:10:40	35	1899/12/30 0:10:40	42
65	1899/12/30 0:10:50	12	1899/12/30 0:10:50	41	1899/12/30 0:10:50	53
66	1899/12/30 0:11:00	59	1899/12/30 0:11:00	45	1899/12/30 0:11:00	104
67	1899/12/30 0:11:10	41	1899/12/30 0:11:10	26	1899/12/30 0:11:10	67
68	1899/12/30 0:11:20	28	1899/12/30 0:11:20	10	1899/12/30 0:11:20	38
69	1899/12/30 0:11:30	19	1899/12/30 0:11:30	4	1899/12/30 0:11:30	23
70	1899/12/30 0:11:40	12	1899/12/30 0:11:40	20	1899/12/30 0:11:40	32
71	1899/12/30 0:11:50	16	1899/12/30 0:11:50	20	1899/12/30 0:11:50	36
72	1899/12/30 0:12:00	3	1899/12/30 0:12:00	15	1899/12/30 0:12:00	18
73	1899/12/30 0:12:10	0	1899/12/30 0:12:10	4	1899/12/30 0:12:10	4
74	1899/12/30 0:12:20	1	1899/12/30 0:12:20	0	1899/12/30 0:12:20	1
75	1899/12/30 0:12:30	4	1899/12/30 0:12:30	2	1899/12/30 0:12:30	6
76	1899/12/30 0:12:40	3	1899/12/30 0:12:40	3	1899/12/30 0:12:40	6
77	1899/12/30 0:12:50	3	1899/12/30 0:12:50	5	1899/12/30 0:12:50	8
78	1899/12/30 0:13:00	6	1899/12/30 0:13:00	2	1899/12/30 0:13:00	8
79	1899/12/30 0:13:10	6	1899/12/30 0:13:10	4	1899/12/30 0:13:10	10
80	1899/12/30 0:13:20	4	1899/12/30 0:13:20	4	1899/12/30 0:13:20	8
81	1899/12/30 0:13:30	17	1899/12/30 0:13:30	6	1899/12/30 0:13:30	23
82	1899/12/30 0:13:40	12	1899/12/30 0:13:40	16	1899/12/30 0:13:40	28
83	1899/12/30 0:13:50	10	1899/12/30 0:13:50	10	1899/12/30 0:13:50	20
84	1899/12/30 0:14:00	5	1899/12/30 0:14:00	8	1899/12/30 0:14:00	13
85	1899/12/30 0:14:10	3	1899/12/30 0:14:10	5	1899/12/30 0:14:10	8
86	1899/12/30 0:14:20	1	1899/12/30 0:14:20	1	1899/12/30 0:14:20	2
87	1899/12/30 0:14:30	3	1899/12/30 0:14:30	0	1899/12/30 0:14:30	3
88	1899/12/30 0:14:40	4	1899/12/30 0:14:40	3	1899/12/30 0:14:40	7
89	1899/12/30 0:14:50	6	1899/12/30 0:14:50	8	1899/12/30 0:14:50	14
90	1899/12/30 0:15:00	1	1899/12/30 0:15:00	2	1899/12/30 0:15:00	3
91	1899/12/30 0:15:10	1	1899/12/30 0:15:10	1	1899/12/30 0:15:10	2
92	1899/12/30 0:15:20	4	1899/12/30 0:15:20	2	1899/12/30 0:15:20	6
93	1899/12/30 0:15:30	11	1899/12/30 0:15:30	4	1899/12/30 0:15:30	15
94	1899/12/30 0:15:40	3	1899/12/30 0:15:40	5	1899/12/30 0:15:40	8
95	1899/12/30 0:15:50	5	1899/12/30 0:15:50	1	1899/12/30 0:15:50	6
96	1899/12/30 0:16:00	9	1899/12/30 0:16:00	6	1899/12/30 0:16:00	15
97	1899/12/30 0:16:10	1	1899/12/30 0:16:10	6	1899/12/30 0:16:10	7
98	1899/12/30 0:16:20	6	1899/12/30 0:16:20	3	1899/12/30 0:16:20	9
99	1899/12/30 0:16:30	3	1899/12/30 0:16:30	2	1899/12/30 0:16:30	5
100	1899/12/30 0:16:40	8	1899/12/30 0:16:40	6	1899/12/30 0:16:40	14
101	1899/12/30 0:16:50	4	1899/12/30 0:16:50	8	1899/12/30 0:16:50	12
102	1899/12/30 0:17:00	6	1899/12/30 0:17:00	1	1899/12/30 0:17:00	7
103	1899/12/30 0:17:10	5	1899/12/30 0:17:10	7	1899/12/30 0:17:10	12
104	1899/12/30 0:17:20	8	1899/12/30 0:17:20	6	1899/12/30 0:17:20	14
105	1899/12/30 0:17:30	9	1899/12/30 0:17:30	5	1899/12/30 0:17:30	14
106	1899/12/30 0:17:40	2	1899/12/30 0:17:40	4	1899/12/30 0:17:40	6
107	1899/12/30 0:17:50	4	1899/12/30 0:17:50	7	1899/12/30 0:17:50	11
108	1899/12/30 0:18:00	2	1899/12/30 0:18:00	4	1899/12/30 0:18:00	6
109	1899/12/30 0:18:10	2	1899/12/30 0:18:10	2	1899/12/30 0:18:10	4
110	1899/12/30 0:18:20	2	1899/12/30 0:18:20	1	1899/12/30 0:18:20	3
111	1899/12/30 0:18:30	1	1899/12/30 0:18:30	2	1899/12/30 0:18:30	3
112	1899/12/30 0:18:40	0	1899/12/30 0:18:40	2	1899/12/30 0:18:40	2
113	1899/12/30 0:18:50	3	1899/12/30 0:18:50	1	1899/12/30 0:18:50	4
114	1899/12/30 0:19:00	4	1899/12/30 0:19:00	0	1899/12/30 0:19:00	4
115	1899/12/30 0:19:10	0	1899/12/30 0:19:10	3	1899/12/30 0:19:10	3
116	1899/12/30 0:19:20	4	1899/12/30 0:19:20	2	1899/12/30 0:19:20	6
117	1899/12/30 0:19:30	0	1899/12/30 0:19:30	1	1899/12/30 0:19:30	1
118	1899/12/30 0:19:40	2	1899/12/30 0:19:40	2	1899/12/30 0:19:40	4
119	1899/12/30 0:19:50	1	1899/12/30 0:19:50	0	1899/12/30 0:19:50	1
120	1899/12/30 0:20:00	0	1899/12/30 0:20:00	3	1899/12/30 0:20:00	3
121	1899/12/30 0:20:10	1	1899/12/30 0:20:10	0	1899/12/30 0:20:10	1
122	1899/12/30 0:20:20	0	1899/12/30 0:20:20	0	1899/12/30 0:20:20	0
123	1899/12/30 0:20:30	3	1899/12/30 0:20:30	0	1899/12/30 0:20:30	3
124	1899/12/30 0:20:40	4	1899/12/30 0:20:40	1	1899/12/30 0:20:40	5
125	1899/12/30 0:20:50	2	1899/12/30 0:20:50	4	1899/12/30 0:20:50	6
126	1899/12/30 0:21:00	6	1899/12/30 0:21:00	5	1899/12/30 0:21:00	11
127	1899/12/30 0:21:10	5	1899/12/30 0:21:10	2	1899/12/30 0:21:10	7
128	1899/12/30 0:21:20	3	1899/12/30 0:21:20	4	1899/12/30 0:21:20	7
129	1899/12/30 0:21:30	5	1899/12/30 0:21:30	3	1899/12/30 0:21:30	8
130	1899/12/30 0:21:40	4	1899/12/30 0:21:40	7	1899/12/30 0:21:40	11
131	1899/12/30 0:21:50	7	1899/12/30 0:21:50	1	1899/12/30 0:21:50	8
132	1899/12/30 0:22:00	2	1899/12/30 0:22:00	4	1899/12/30 0:22:00	6
133	1899/12/30 0:22:10	9	1899/12/30 0:22:10	16	1899/12/30 0:22:10	25
134	1899/12/30 0:22:20	7	1899/12/30 0:22:20	29	1899/12/30 0:22:20	36
135	1899/12/30 0:22:30	13	1899/12/30 0:22:30	37	1899/12/30 0:22:30	50
136	1899/12/30 0:22:40	64	1899/12/30 0:22:40	55	1899/12/30 0:22:40	119
137	1899/12/30 0:22:50	49	1899/12/30 0:22:50	18	1899/12/30 0:22:50	67
138	1899/12/30 0:23:00	28	1899/12/30 0:23:00	13	1899/12/30 0:23:00	41
139	1899/12/30 0:23:10	35	1899/12/30 0:23:10	4	1899/12/30 0:23:10	39
140	1899/12/30 0:23:20	19	1899/12/30 0:23:20	5	1899/12/30 0:23:20	24
141	1899/12/30 0:23:30	6	1899/12/30 0:23:30	7	1899/12/30 0:23:30	13
142	1899/12/30 0:23:40	9	1899/12/30 0:23:40	5	1899/12/30 0:23:40	14
143	1899/12/30 0:23:50	3	1899/12/30 0:23:50	5	1899/12/30 0:23:50	8
144	1899/12/30 0:24:00	5	1899/12/30 0:24:00	3	1899/12/30 0:24:00	8
145	1899/12/30 0:24:10	12	1899/12/30 0:24:10	4	1899/12/30 0:24:10	16
146	1899/12/30 0:24:20	7	1899/12/30 0:24:20	12	1899/12/30 0:24:20	19
147	1899/12/30 0:24:30	6	1899/12/30 0:24:30	7	1899/12/30 0:24:30	13
148	1899/12/30 0:24:40	5	1899/12/30 0:24:40	6	1899/12/30 0:24:40	11
149	1899/12/30 0:24:50	4	1899/12/30 0:24:50	4	1899/12/30 0:24:50	8
150	1899/12/30 0:25:00	11	1899/12/30 0:25:00	7	1899/12/30 0:25:00	18
151	1899/12/30 0:25:10	10	1899/12/30 0:25:10	6	1899/12/30 0:25:10	16
152	1899/12/30 0:25:20	20	1899/12/30 0:25:20	10	1899/12/30 0:25:20	30
153	1899/12/30 0:25:30	34	1899/12/30 0:25:30	20	1899/12/30 0:25:30	54
154	1899/12/30 0:25:40	22	1899/12/30 0:25:40	26	1899/12/30 0:25:40	48
155	1899/12/30 0:25:50	30	1899/12/30 0:25:50	22	1899/12/30 0:25:50	52
156	1899/12/30 0:26:00	19	1899/12/30 0:26:00	18	1899/12/30 0:26:00	37
157	1899/12/30 0:26:10	16	1899/12/30 0:26:10	20	1899/12/30 0:26:10	36
158	1899/12/30 0:26:20	15	1899/12/30 0:26:20	13	1899/12/30 0:26:20	28
159	1899/12/30 0:26:30	8	1899/12/30 0:26:30	12	1899/12/30 0:26:30	20
160	1899/12/30 0:26:40	6	1899/12/30 0:26:40	7	1899/12/30 0:26:40	13
161	1899/12/30 0:26:50	17	1899/12/30 0:26:50	10	1899/12/30 0:26:50	27
162	1899/12/30 0:27:00	7	1899/12/30 0:27:00	14	1899/12/30 0:27:00	21
163	1899/12/30 0:27:10	5	1899/12/30 0:27:10	6	1899/12/30 0:27:10	11
164	1899/12/30 0:27:20	8	1899/12/30 0:27:20	6	1899/12/30 0:27:20	14
165	1899/12/30 0:27:30	5	1899/12/30 0:27:30	7	1899/12/30 0:27:30	12
166	1899/12/30 0:27:40	6	1899/12/30 0:27:40	4	1899/12/30 0:27:40	10
167	1899/12/30 0:27:50	2	1899/12/30 0:27:50	5	1899/12/30 0:27:50	7
168	1899/12/30 0:28:00	4	1899/12/30 0:28:00	4	1899/12/30 0:28:00	8
169	1899/12/30 0:28:10	2	1899/12/30 0:28:10	3	1899/12/30 0:28:10	5
170	1899/12/30 0:28:20	1	1899/12/30 0:28:20	1	1899/12/30 0:28:20	2
171	1899/12/30 0:28:30	1	1899/12/30 0:28:30	1	1899/12/30 0:28:30	2
172	1899/12/30 0:28:40	1	1899/12/30 0:28:40	1	1899/12/30 0:28:40	2
173	1899/12/30 0:28:50	0	1899/12/30 0:28:50	1	1899/12/30 0:28:50	1
174	1899/12/30 0:29:00	0	1899/12/30 0:29:00	0	1899/12/30 0:29:00	0
175	1899/12/30 0:29:10	0	1899/12/30 0:29:10	0	1899/12/30 0:29:10	0
176	1899/12/30 0:29:20	0	1899/12/30 0:29:20	0	1899/12/30 0:29:20	0
177	1899/12/30 0:29:30	0	1899/12/30 0:29:30	0	1899/12/30 0:29:30	0
178	1899/12/30 0:29:40	0	1899/12/30 0:29:40	0	1899/12/30 0:29:40	0
179	1899/12/30 0:29:50	0	1899/12/30 0:29:50	0	1899/12/30 0:29:50	0
180	1899/12/30 0:30:00	0	1899/12/30 0:30:00	0	1899/12/30 0:30:00	0
181	1899/12/30 0:30:10	0	1899/12/30 0:30:10	0	1899/12/30 0:30:10	0
182	1899/12/30 0:30:20	0	1899/12/30 0:30:20	0	1899/12/30 0:30:20	0
183	1899/12/30 0:30:30	0	1899/12/30 0:30:30	0	1899/12/30 0:30:30	0
184	1899/12/30 0:30:40	0	1899/12/30 0:30:40	0	1899/12/30 0:30:40	0
185	1899/12/30 0:30:50	2	1899/12/30 0:30:50	0	1899/12/30 0:30:50	2
186	1899/12/30 0:31:00	1	1899/12/30 0:31:00	3	1899/12/30 0:31:00	4
187	1899/12/30 0:31:10	3	1899/12/30 0:31:10	0	1899/12/30 0:31:10	3
188	1899/12/30 0:31:20	2	1899/12/30 0:31:20	4	1899/12/30 0:31:20	6
189	1899/12/30 0:31:30	2	1899/12/30 0:31:30	1	1899/12/30 0:31:30	3
190	1899/12/30 0:31:40	1	1899/12/30 0:31:40	2	1899/12/30 0:31:40	3
191	1899/12/30 0:31:50	2	1899/12/30 0:31:50	0	1899/12/30 0:31:50	2
192	1899/12/30 0:32:00	3	1899/12/30 0:32:00	4	1899/12/30 0:32:00	7
193	1899/12/30 0:32:10	4	1899/12/30 0:32:10	3	1899/12/30 0:32:10	7
194	1899/12/30 0:32:20	8	1899/12/30 0:32:20	5	1899/12/30 0:32:20	13
195	1899/12/30 0:32:30	3	1899/12/30 0:32:30	4	1899/12/30 0:32:30	7
196	1899/12/30 0:32:40	2	1899/12/30 0:32:40	2	1899/12/30 0:32:40	4
197	1899/12/30 0:32:50	6	1899/12/30 0:32:50	1	1899/12/30 0:32:50	7
198	1899/12/30 0:33:00	11	1899/12/30 0:33:00	5	1899/12/30 0:33:00	16
199	1899/12/30 0:33:10	8	1899/12/30 0:33:10	9	1899/12/30 0:33:10	17
200	1899/12/30 0:33:20	5	1899/12/30 0:33:20	8	1899/12/30 0:33:20	13
201	1899/12/30 0:33:30	5	1899/12/30 0:33:30	5	1899/12/30 0:33:30	10
202	1899/12/30 0:33:40	9	1899/12/30 0:33:40	6	1899/12/30 0:33:40	15
203	1899/12/30 0:33:50	12	1899/12/30 0:33:50	8	1899/12/30 0:33:50	20
204	1899/12/30 0:34:00	9	1899/12/30 0:34:00	7	1899/12/30 0:34:00	16
205	1899/12/30 0:34:10	11	1899/12/30 0:34:10	24	1899/12/30 0:34:10	35
206	1899/12/30 0:34:20	12	1899/12/30 0:34:20	41	1899/12/30 0:34:20	53
207	1899/12/30 0:34:30	14	1899/12/30 0:34:30	45	1899/12/30 0:34:30	59
208	1899/12/30 0:34:40	15	1899/12/30 0:34:40	46	1899/12/30 0:34:40	61
209	1899/12/30 0:34:50	25	1899/12/30 0:34:50	45	1899/12/30 0:34:50	70
210	1899/12/30 0:35:00	42	1899/12/30 0:35:00	41	1899/12/30 0:35:00	83
211	1899/12/30 0:35:10	80	1899/12/30 0:35:10	28	1899/12/30 0:35:10	108
212	1899/12/30 0:35:20	45	1899/12/30 0:35:20	28	1899/12/30 0:35:20	73
213	1899/12/30 0:35:30	32	1899/12/30 0:35:30	22	1899/12/30 0:35:30	54
214	1899/12/30 0:35:40	25	1899/12/30 0:35:40	39	1899/12/30 0:35:40	64
215	1899/12/30 0:35:50	27	1899/12/30 0:35:50	22	1899/12/30 0:35:50	49
216	1899/12/30 0:36:00	19	1899/12/30 0:36:00	20	1899/12/30 0:36:00	39
217	1899/12/30 0:36:10	9	1899/12/30 0:36:10	10	1899/12/30 0:36:10	19
218	1899/12/30 0:36:20	5	1899/12/30 0:36:20	14	1899/12/30 0:36:20	19
219	1899/12/30 0:36:30	3	1899/12/30 0:36:30	2	1899/12/30 0:36:30	5
220	1899/12/30 0:36:40	8	1899/12/30 0:36:40	6	1899/12/30 0:36:40	14
221	1899/12/30 0:36:50	11	1899/12/30 0:36:50	5	1899/12/30 0:36:50	16
222	1899/12/30 0:37:00	3	1899/12/30 0:37:00	8	1899/12/30 0:37:00	11
223	1899/12/30 0:37:10	4	1899/12/30 0:37:10	4	1899/12/30 0:37:10	8
224	1899/12/30 0:37:20	9	1899/12/30 0:37:20	6	1899/12/30 0:37:20	15
225	1899/12/30 0:37:30	19	1899/12/30 0:37:30	10	1899/12/30 0:37:30	29
226	1899/12/30 0:37:40	9	1899/12/30 0:37:40	15	1899/12/30 0:37:40	24
227	1899/12/30 0:37:50	5	1899/12/30 0:37:50	5	1899/12/30 0:37:50	10
228	1899/12/30 0:38:00	8	1899/12/30 0:38:00	5	1899/12/30 0:38:00	13
229	1899/12/30 0:38:10	3	1899/12/30 0:38:10	5	1899/12/30 0:38:10	8
230	1899/12/30 0:38:20	1	1899/12/30 0:38:20	0	1899/12/30 0:38:20	1
231	1899/12/30 0:38:30	1	1899/12/30 0:38:30	3	1899/12/30 0:38:30	4
232	1899/12/30 0:38:40	4	1899/12/30 0:38:40	0	1899/12/30 0:38:40	4
233	1899/12/30 0:38:50	6	1899/12/30 0:38:50	5	1899/12/30 0:38:50	11
234	1899/12/30 0:39:00	5	1899/12/30 0:39:00	8	1899/12/30 0:39:00	13
235	1899/12/30 0:39:10	0	1899/12/30 0:39:10	1	1899/12/30 0:39:10	1
236	1899/12/30 0:39:20	0	1899/12/30 0:39:20	0	1899/12/30 0:39:20	0
237	1899/12/30 0:39:30	1	1899/12/30 0:39:30	0	1899/12/30 0:39:30	1
238	1899/12/30 0:39:40	0	1899/12/30 0:39:40	0	1899/12/30 0:39:40	0
239	1899/12/30 0:39:50	3	1899/12/30 0:39:50	0	1899/12/30 0:39:50	3
240	1899/12/30 0:40:00	3	1899/12/30 0:40:00	1	1899/12/30 0:40:00	4
241	1899/12/30 0:40:10	2	1899/12/30 0:40:10	5	1899/12/30 0:40:10	7
242	1899/12/30 0:40:20	9	1899/12/30 0:40:20	3	1899/12/30 0:40:20	12
243	1899/12/30 0:40:30	11	1899/12/30 0:40:30	10	1899/12/30 0:40:30	21
244	1899/12/30 0:40:40	9	1899/12/30 0:40:40	7	1899/12/30 0:40:40	16
245	1899/12/30 0:40:50	6	1899/12/30 0:40:50	7	1899/12/30 0:40:50	13
246	1899/12/30 0:41:00	8	1899/12/30 0:41:00	6	1899/12/30 0:41:00	14
247	1899/12/30 0:41:10	4	1899/12/30 0:41:10	7	1899/12/30 0:41:10	11
248	1899/12/30 0:41:20	3	1899/12/30 0:41:20	5	1899/12/30 0:41:20	8
249	1899/12/30 0:41:30	6	1899/12/30 0:41:30	2	1899/12/30 0:41:30	8
250	1899/12/30 0:41:40	6	1899/12/30 0:41:40	7	1899/12/30 0:41:40	13
251	1899/12/30 0:41:50	9	1899/12/30 0:41:50	11	1899/12/30 0:41:50	20
252	1899/12/30 0:42:00	10	1899/12/30 0:42:00	8	1899/12/30 0:42:00	18
253	1899/12/30 0:42:10	9	1899/12/30 0:42:10	9	1899/12/30 0:42:10	18
254	1899/12/30 0:42:20	14	1899/12/30 0:42:20	10	1899/12/30 0:42:20	24
255	1899/12/30 0:42:30	14	1899/12/30 0:42:30	11	1899/12/30 0:42:30	25
256	1899/12/30 0:42:40	9	1899/12/30 0:42:40	15	1899/12/30 0:42:40	24
257	1899/12/30 0:42:50	6	1899/12/30 0:42:50	6	1899/12/30 0:42:50	12
258	1899/12/30 0:43:00	5	1899/12/30 0:43:00	6	1899/12/30 0:43:00	11
259	1899/12/30 0:43:10	12	1899/12/30 0:43:10	4	1899/12/30 0:43:10	16
260	1899/12/30 0:43:20	10	1899/12/30 0:43:20	10	1899/12/30 0:43:20	20
261	1899/12/30 0:43:30	11	1899/12/30 0:43:30	6	1899/12/30 0:43:30	17
262	1899/12/30 0:43:40	6	1899/12/30 0:43:40	12	1899/12/30 0:43:40	18
263	1899/12/30 0:43:50	12	1899/12/30 0:43:50	6	1899/12/30 0:43:50	18
264	1899/12/30 0:44:00	4	1899/12/30 0:44:00	7	1899/12/30 0:44:00	11
265	1899/12/30 0:44:10	15	1899/12/30 0:44:10	9	1899/12/30 0:44:10	24
266	1899/12/30 0:44:20	5	1899/12/30 0:44:20	5	1899/12/30 0:44:20	10
267	1899/12/30 0:44:30	9	1899/12/30 0:44:30	10	1899/12/30 0:44:30	19
268	1899/12/30 0:44:40	5	1899/12/30 0:44:40	3	1899/12/30 0:44:40	8
269	1899/12/30 0:44:50	10	1899/12/30 0:44:50	7	1899/12/30 0:44:50	17
270	1899/12/30 0:45:00	8	1899/12/30 0:45:00	7	1899/12/30 0:45:00	15
271	1899/12/30 0:45:10	7	1899/12/30 0:45:10	8	1899/12/30 0:45:10	15
272	1899/12/30 0:45:20	4	1899/12/30 0:45:20	4	1899/12/30 0:45:20	8
273	1899/12/30 0:45:30	7	1899/12/30 0:45:30	5	1899/12/30 0:45:30	12
274	1899/12/30 0:45:40	2	1899/12/30 0:45:40	4	1899/12/30 0:45:40	6
275	1899/12/30 0:45:50	5	1899/12/30 0:45:50	3	1899/12/30 0:45:50	8
276	1899/12/30 0:46:00	4	1899/12/30 0:46:00	2	1899/12/30 0:46:00	6
277	1899/12/30 0:46:10	4	1899/12/30 0:46:10	20	1899/12/30 0:46:10	24
278	1899/12/30 0:46:20	14	1899/12/30 0:46:20	30	1899/12/30 0:46:20	44
279	1899/12/30 0:46:30	14	1899/12/30 0:46:30	36	1899/12/30 0:46:30	50
280	1899/12/30 0:46:40	17	1899/12/30 0:46:40	49	1899/12/30 0:46:40	66
281	1899/12/30 0:46:50	19	1899/12/30 0:46:50	49	1899/12/30 0:46:50	68
282	1899/12/30 0:47:00	49	1899/12/30 0:47:00	43	1899/12/30 0:47:00	92
283	1899/12/30 0:47:10	60	1899/12/30 0:47:10	22	1899/12/30 0:47:10	82
284	1899/12/30 0:47:20	37	1899/12/30 0:47:20	30	1899/12/30 0:47:20	67
285	1899/12/30 0:47:30	28	1899/12/30 0:47:30	13	1899/12/30 0:47:30	41
286	1899/12/30 0:47:40	14	1899/12/30 0:47:40	31	1899/12/30 0:47:40	45
287	1899/12/30 0:47:50	15	1899/12/30 0:47:50	14	1899/12/30 0:47:50	29
288	1899/12/30 0:48:00	4	1899/12/30 0:48:00	17	1899/12/30 0:48:00	21
289	1899/12/30 0:48:10	14	1899/12/30 0:48:10	18	1899/12/30 0:48:10	32
290	1899/12/30 0:48:20	35	1899/12/30 0:48:20	26	1899/12/30 0:48:20	61
291	1899/12/30 0:48:30	46	1899/12/30 0:48:30	29	1899/12/30 0:48:30	75
292	1899/12/30 0:48:40	60	1899/12/30 0:48:40	37	1899/12/30 0:48:40	97
293	1899/12/30 0:48:50	37	1899/12/30 0:48:50	36	1899/12/30 0:48:50	73
294	1899/12/30 0:49:00	40	1899/12/30 0:49:00	21	1899/12/30 0:49:00	61
295	1899/12/30 0:49:10	24	1899/12/30 0:49:10	26	1899/12/30 0:49:10	50
296	1899/12/30 0:49:20	22	1899/12/30 0:49:20	17	1899/12/30 0:49:20	39
297	1899/12/30 0:49:30	16	1899/12/30 0:49:30	19	1899/12/30 0:49:30	35
298	1899/12/30 0:49:40	9	1899/12/30 0:49:40	13	1899/12/30 0:49:40	22
299	1899/12/30 0:49:50	12	1899/12/30 0:49:50	15	1899/12/30 0:49:50	27
300	1899/12/30 0:50:00	14	1899/12/30 0:50:00	15	1899/12/30 0:50:00	29
301	1899/12/30 0:50:10	14	1899/12/30 0:50:10	16	1899/12/30 0:50:10	30
302	1899/12/30 0:50:20	14	1899/12/30 0:50:20	11	1899/12/30 0:50:20	25
303	1899/12/30 0:50:30	14	1899/12/30 0:50:30	16	1899/12/30 0:50:30	30
304	1899/12/30 0:50:40	14	1899/12/30 0:50:40	20	1899/12/30 0:50:40	34
305	1899/12/30 0:50:50	17	1899/12/30 0:50:50	18	1899/12/30 0:50:50	35
306	1899/12/30 0:51:00	4	1899/12/30 0:51:00	18	1899/12/30 0:51:00	22
307	1899/12/30 0:51:10	1	1899/12/30 0:51:10	9	1899/12/30 0:51:10	10
308	1899/12/30 0:51:20	0	1899/12/30 0:51:20	0	1899/12/30 0:51:20	0
309	1899/12/30 0:51:30	0	1899/12/30 0:51:30	0	1899/12/30 0:51:30	0
310	1899/12/30 0:51:40	0	1899/12/30 0:51:40	0	1899/12/30 0:51:40	0
311	1899/12/30 0:51:50	0	1899/12/30 0:51:50	0	1899/12/30 0:51:50	0
312	1899/12/30 0:52:00	0	1899/12/30 0:52:00	0	1899/12/30 0:52:00	0
313	1899/12/30 0:52:10	0	1899/12/30 0:52:10	0	1899/12/30 0:52:10	0
314	1899/12/30 0:52:20	0	1899/12/30 0:52:20	0	1899/12/30 0:52:20	0
315	1899/12/30 0:52:30	0	1899/12/30 0:52:30	0	1899/12/30 0:52:30	0
316	1899/12/30 0:52:40	1	1899/12/30 0:52:40	0	1899/12/30 0:52:40	1
317	1899/12/30 0:52:50	0	1899/12/30 0:52:50	1	1899/12/30 0:52:50	1
318	1899/12/30 0:53:00	0	1899/12/30 0:53:00	0	1899/12/30 0:53:00	0
319	1899/12/30 0:53:10	0	1899/12/30 0:53:10	0	1899/12/30 0:53:10	0
320	1899/12/30 0:53:20	0	1899/12/30 0:53:20	0	1899/12/30 0:53:20	0
321	1899/12/30 0:53:30	0	1899/12/30 0:53:30	0	1899/12/30 0:53:30	0
322	1899/12/30 0:53:40	0	1899/12/30 0:53:40	0	1899/12/30 0:53:40	0
323	1899/12/30 0:53:50	0	1899/12/30 0:53:50	0	1899/12/30 0:53:50	0
324	1899/12/30 0:54:00	0	1899/12/30 0:54:00	0	1899/12/30 0:54:00	0
325	1899/12/30 0:54:10	0	1899/12/30 0:54:10	0	1899/12/30 0:54:10	0
326	1899/12/30 0:54:20	2	1899/12/30 0:54:20	1	1899/12/30 0:54:20	3
327	1899/12/30 0:54:30	0	1899/12/30 0:54:30	1	1899/12/30 0:54:30	1
328	1899/12/30 0:54:40	1	1899/12/30 0:54:40	0	1899/12/30 0:54:40	1
329	1899/12/30 0:54:50	0	1899/12/30 0:54:50	1	1899/12/30 0:54:50	1
330	1899/12/30 0:55:00	1	1899/12/30 0:55:00	1	1899/12/30 0:55:00	2
331	1899/12/30 0:55:10	2	1899/12/30 0:55:10	1	1899/12/30 0:55:10	3
332	1899/12/30 0:55:20	0	1899/12/30 0:55:20	1	1899/12/30 0:55:20	1
333	1899/12/30 0:55:30	0	1899/12/30 0:55:30	0	1899/12/30 0:55:30	0
334	1899/12/30 0:55:40	0	1899/12/30 0:55:40	0	1899/12/30 0:55:40	0
335	1899/12/30 0:55:50	0	1899/12/30 0:55:50	0	1899/12/30 0:55:50	0
336	1899/12/30 0:56:00	0	1899/12/30 0:56:00	0	1899/12/30 0:56:00	0
337	1899/12/30 0:56:10	1	1899/12/30 0:56:10	1	1899/12/30 0:56:10	2
338	1899/12/30 0:56:20	0	1899/12/30 0:56:20	0	1899/12/30 0:56:20	0
339	1899/12/30 0:56:30	1	1899/12/30 0:56:30	0	1899/12/30 0:56:30	1
340	1899/12/30 0:56:40	0	1899/12/30 0:56:40	0	1899/12/30 0:56:40	0
341	1899/12/30 0:56:50	0	1899/12/30 0:56:50	0	1899/12/30 0:56:50	0
342	1899/12/30 0:57:00	0	1899/12/30 0:57:00	0	1899/12/30 0:57:00	0
343	1899/12/30 0:57:10	0	1899/12/30 0:57:10	0	1899/12/30 0:57:10	0
344	1899/12/30 0:57:20	0	1899/12/30 0:57:20	0	1899/12/30 0:57:20	0
345	1899/12/30 0:57:30	0	1899/12/30 0:57:30	0	1899/12/30 0:57:30	0
346	1899/12/30 0:57:40	0	1899/12/30 0:57:40	0	1899/12/30 0:57:40	0
347	1899/12/30 0:57:50	1	1899/12/30 0:57:50	0	1899/12/30 0:57:50	1
348	1899/12/30 0:58:00	0	1899/12/30 0:58:00	0	1899/12/30 0:58:00	0
349	1899/12/30 0:58:10	10	1899/12/30 0:58:10	0	1899/12/30 0:58:10	10
350	1899/12/30 0:58:20	0	1899/12/30 0:58:20	0	1899/12/30 0:58:20	0
351	1899/12/30 0:58:30	0	1899/12/30 0:58:30	0	1899/12/30 0:58:30	0
352	1899/12/30 0:58:40	0	1899/12/30 0:58:40	0	1899/12/30 0:58:40	0
353	1899/12/30 0:58:50	0	1899/12/30 0:58:50	0	1899/12/30 0:58:50	0
354	1899/12/30 0:59:00	0	1899/12/30 0:59:00	0	1899/12/30 0:59:00	0
355	1899/12/30 0:59:10	0	1899/12/30 0:59:10	0	1899/12/30 0:59:10	0
356	1899/12/30 0:59:20	0	1899/12/30 0:59:20	0	1899/12/30 0:59:20	0
357	1899/12/30 0:59:30	0	1899/12/30 0:59:30	0	1899/12/30 0:59:30	0
358	1899/12/30 0:59:40	0	1899/12/30 0:59:40	0	1899/12/30 0:59:40	0
359	1899/12/30 0:59:50	0	1899/12/30 0:59:50	0	1899/12/30 0:59:50	0
360	1899/12/30 1:00:00	0	1899/12/30 1:00:00	0	1899/12/30 1:00:00	0
361	1899/12/30 1:00:10	0	1899/12/30 1:00:10	0	1899/12/30 1:00:10	0
362	1899/12/30 1:00:20	0	1899/12/30 1:00:20	0	1899/12/30 1:00:20	0
363	1899/12/30 1:00:30	0	1899/12/30 1:00:30	0	1899/12/30 1:00:30	0
364	1899/12/30 1:00:40	0	1899/12/30 1:00:40	0	1899/12/30 1:00:40	0
365	1899/12/30 1:00:50	0	1899/12/30 1:00:50	0	1899/12/30 1:00:50	0
366	1899/12/30 1:01:00	0	1899/12/30 1:01:00	0	1899/12/30 1:01:00	0
367	1899/12/30 1:01:10	0	1899/12/30 1:01:10	0	1899/12/30 1:01:10	0
368	1899/12/30 1:01:20	0	1899/12/30 1:01:20	0	1899/12/30 1:01:20	0
369	1899/12/30 1:01:30	0	1899/12/30 1:01:30	0	1899/12/30 1:01:30	0
370	1899/12/30 1:01:40	0	1899/12/30 1:01:40	0	1899/12/30 1:01:40	0
371	1899/12/30 1:01:50	0	1899/12/30 1:01:50	0	1899/12/30 1:01:50	0
372	1899/12/30 1:02:00	0	1899/12/30 1:02:00	0	1899/12/30 1:02:00	0
373	1899/12/30 1:02:10	0	1899/12/30 1:02:10	0	1899/12/30 1:02:10	0
374	1899/12/30 1:02:20	0	1899/12/30 1:02:20	0	1899/12/30 1:02:20	0
375	1899/12/30 1:02:30	0	1899/12/30 1:02:30	0	1899/12/30 1:02:30	0
376	1899/12/30 1:02:40	0	1899/12/30 1:02:40	0	1899/12/30 1:02:40	0
377	1899/12/30 1:02:50	0	1899/12/30 1:02:50	0	1899/12/30 1:02:50	0
378	1899/12/30 1:03:00	0	1899/12/30 1:03:00	0	1899/12/30 1:03:00	0
379	1899/12/30 1:03:10	0	1899/12/30 1:03:10	0	1899/12/30 1:03:10	0
380	1899/12/30 1:03:20	0	1899/12/30 1:03:20	0	1899/12/30 1:03:20	0
381	1899/12/30 1:03:30	0	1899/12/30 1:03:30	0	1899/12/30 1:03:30	0
382	1899/12/30 1:03:40	0	1899/12/30 1:03:40	0	1899/12/30 1:03:40	0
383	1899/12/30 1:03:50	0	1899/12/30 1:03:50	0	1899/12/30 1:03:50	0
384	1899/12/30 1:04:00	0	1899/12/30 1:04:00	0	1899/12/30 1:04:00	0
385	1899/12/30 1:04:10	0	1899/12/30 1:04:10	0	1899/12/30 1:04:10	0
386	1899/12/30 1:04:20	0	1899/12/30 1:04:20	0	1899/12/30 1:04:20	0
387	1899/12/30 1:04:30	0	1899/12/30 1:04:30	0	1899/12/30 1:04:30	0
388	1899/12/30 1:04:40	0	1899/12/30 1:04:40	0	1899/12/30 1:04:40	0
389	1899/12/30 1:04:50	0	1899/12/30 1:04:50	0	1899/12/30 1:04:50	0
390	1899/12/30 1:05:00	0	1899/12/30 1:05:00	0	1899/12/30 1:05:00	0
391	1899/12/30 1:05:10	0	1899/12/30 1:05:10	0	1899/12/30 1:05:10	0
392	1899/12/30 1:05:20	0	1899/12/30 1:05:20	0	1899/12/30 1:05:20	0
393	1899/12/30 1:05:30	0	1899/12/30 1:05:30	0	1899/12/30 1:05:30	0
394	1899/12/30 1:05:40	0	1899/12/30 1:05:40	0	1899/12/30 1:05:40	0
395	1899/12/30 1:05:50	0	1899/12/30 1:05:50	0	1899/12/30 1:05:50	0
396	1899/12/30 1:06:00	0	1899/12/30 1:06:00	0	1899/12/30 1:06:00	0
397	1899/12/30 1:06:10	0	1899/12/30 1:06:10	0	1899/12/30 1:06:10	0
398	1899/12/30 1:06:20	0	1899/12/30 1:06:20	0	1899/12/30 1:06:20	0
399	1899/12/30 1:06:30	0	1899/12/30 1:06:30	0	1899/12/30 1:06:30	0
400	1899/12/30 1:06:40	0	1899/12/30 1:06:40	0	1899/12/30 1:06:40	0
401	1899/12/30 1:06:50	0	1899/12/30 1:06:50	0	1899/12/30 1:06:50	0
402	1899/12/30 1:07:00	0	1899/12/30 1:07:00	0	1899/12/30 1:07:00	0
403	1899/12/30 1:07:10	0	1899/12/30 1:07:10	0	1899/12/30 1:07:10	0
404	1899/12/30 1:07:20	0	1899/12/30 1:07:20	0	1899/12/30 1:07:20	0
405	1899/12/30 1:07:30	0	1899/12/30 1:07:30	0	1899/12/30 1:07:30	0
406	1899/12/30 1:07:40	0	1899/12/30 1:07:40	0	1899/12/30 1:07:40	0
407	1899/12/30 1:07:50	0	1899/12/30 1:07:50	0	1899/12/30 1:07:50	0
408	1899/12/30 1:08:00	0	1899/12/30 1:08:00	0	1899/12/30 1:08:00	0
409	1899/12/30 1:08:10	0	1899/12/30 1:08:10	0	1899/12/30 1:08:10	0
410	1899/12/30 1:08:20	0	1899/12/30 1:08:20	0	1899/12/30 1:08:20	0
411	1899/12/30 1:08:30	0	1899/12/30 1:08:30	0	1899/12/30 1:08:30	0
412	1899/12/30 1:08:40	0	1899/12/30 1:08:40	0	1899/12/30 1:08:40	0
413	1899/12/30 1:08:50	0	1899/12/30 1:08:50	0	1899/12/30 1:08:50	0
414	1899/12/30 1:09:00	0	1899/12/30 1:09:00	0	1899/12/30 1:09:00	0
415	1899/12/30 1:09:10	0	1899/12/30 1:09:10	0	1899/12/30 1:09:10	0
416	1899/12/30 1:09:20	0	1899/12/30 1:09:20	0	1899/12/30 1:09:20	0
417	1899/12/30 1:09:30	0	1899/12/30 1:09:30	0	1899/12/30 1:09:30	0
418	1899/12/30 1:09:40	0	1899/12/30 1:09:40	0	1899/12/30 1:09:40	0
419	1899/12/30 1:09:50	0	1899/12/30 1:09:50	0	1899/12/30 1:09:50	0
420	1899/12/30 1:10:00	0	1899/12/30 1:10:00	0	1899/12/30 1:10:00	0

