Index	X	Left to Right	X	Right to Left	X	Sum
0	1899/12/30	0	1899/12/30	0	1899/12/30	0
1	1899/12/30 0:00:10	0	1899/12/30 0:00:10	0	1899/12/30 0:00:10	0
2	1899/12/30 0:00:20	0	1899/12/30 0:00:20	0	1899/12/30 0:00:20	0
3	1899/12/30 0:00:30	0	1899/12/30 0:00:30	0	1899/12/30 0:00:30	0
4	1899/12/30 0:00:40	0	1899/12/30 0:00:40	0	1899/12/30 0:00:40	0
5	1899/12/30 0:00:50	0	1899/12/30 0:00:50	0	1899/12/30 0:00:50	0
6	1899/12/30 0:01:00	2	1899/12/30 0:01:00	0	1899/12/30 0:01:00	2
7	1899/12/30 0:01:10	1	1899/12/30 0:01:10	0	1899/12/30 0:01:10	1
8	1899/12/30 0:01:20	2	1899/12/30 0:01:20	0	1899/12/30 0:01:20	2
9	1899/12/30 0:01:30	1	1899/12/30 0:01:30	0	1899/12/30 0:01:30	1
10	1899/12/30 0:01:40	3	1899/12/30 0:01:40	0	1899/12/30 0:01:40	3
11	1899/12/30 0:01:50	2	1899/12/30 0:01:50	0	1899/12/30 0:01:50	2
12	1899/12/30 0:02:00	2	1899/12/30 0:02:00	0	1899/12/30 0:02:00	2
13	1899/12/30 0:02:10	3	1899/12/30 0:02:10	0	1899/12/30 0:02:10	3
14	1899/12/30 0:02:20	2	1899/12/30 0:02:20	0	1899/12/30 0:02:20	2
15	1899/12/30 0:02:30	1	1899/12/30 0:02:30	0	1899/12/30 0:02:30	1
16	1899/12/30 0:02:40	2	1899/12/30 0:02:40	0	1899/12/30 0:02:40	2
17	1899/12/30 0:02:50	3	1899/12/30 0:02:50	0	1899/12/30 0:02:50	3
18	1899/12/30 0:03:00	5	1899/12/30 0:03:00	0	1899/12/30 0:03:00	5
19	1899/12/30 0:03:10	2	1899/12/30 0:03:10	0	1899/12/30 0:03:10	2
20	1899/12/30 0:03:20	3	1899/12/30 0:03:20	0	1899/12/30 0:03:20	3
21	1899/12/30 0:03:30	2	1899/12/30 0:03:30	0	1899/12/30 0:03:30	2
22	1899/12/30 0:03:40	12	1899/12/30 0:03:40	0	1899/12/30 0:03:40	12
23	1899/12/30 0:03:50	3	1899/12/30 0:03:50	0	1899/12/30 0:03:50	3
24	1899/12/30 0:04:00	6	1899/12/30 0:04:00	0	1899/12/30 0:04:00	6
25	1899/12/30 0:04:10	7	1899/12/30 0:04:10	0	1899/12/30 0:04:10	7
26	1899/12/30 0:04:20	4	1899/12/30 0:04:20	0	1899/12/30 0:04:20	4
27	1899/12/30 0:04:30	3	1899/12/30 0:04:30	3	1899/12/30 0:04:30	6
28	1899/12/30 0:04:40	2	1899/12/30 0:04:40	5	1899/12/30 0:04:40	7
29	1899/12/30 0:04:50	5	1899/12/30 0:04:50	10	1899/12/30 0:04:50	15
30	1899/12/30 0:05:00	6	1899/12/30 0:05:00	12	1899/12/30 0:05:00	18
31	1899/12/30 0:05:10	4	1899/12/30 0:05:10	9	1899/12/30 0:05:10	13
32	1899/12/30 0:05:20	4	1899/12/30 0:05:20	11	1899/12/30 0:05:20	15
33	1899/12/30 0:05:30	2	1899/12/30 0:05:30	2	1899/12/30 0:05:30	4
34	1899/12/30 0:05:40	1	1899/12/30 0:05:40	0	1899/12/30 0:05:40	1
35	1899/12/30 0:05:50	2	1899/12/30 0:05:50	4	1899/12/30 0:05:50	6
36	1899/12/30 0:06:00	0	1899/12/30 0:06:00	4	1899/12/30 0:06:00	4
37	1899/12/30 0:06:10	1	1899/12/30 0:06:10	11	1899/12/30 0:06:10	12
38	1899/12/30 0:06:20	0	1899/12/30 0:06:20	5	1899/12/30 0:06:20	5
39	1899/12/30 0:06:30	0	1899/12/30 0:06:30	3	1899/12/30 0:06:30	3
40	1899/12/30 0:06:40	0	1899/12/30 0:06:40	1	1899/12/30 0:06:40	1
41	1899/12/30 0:06:50	0	1899/12/30 0:06:50	0	1899/12/30 0:06:50	0
42	1899/12/30 0:07:00	0	1899/12/30 0:07:00	1	1899/12/30 0:07:00	1
43	1899/12/30 0:07:10	0	1899/12/30 0:07:10	2	1899/12/30 0:07:10	2
44	1899/12/30 0:07:20	0	1899/12/30 0:07:20	0	1899/12/30 0:07:20	0
45	1899/12/30 0:07:30	0	1899/12/30 0:07:30	0	1899/12/30 0:07:30	0
46	1899/12/30 0:07:40	0	1899/12/30 0:07:40	0	1899/12/30 0:07:40	0
47	1899/12/30 0:07:50	0	1899/12/30 0:07:50	0	1899/12/30 0:07:50	0
48	1899/12/30 0:08:00	0	1899/12/30 0:08:00	0	1899/12/30 0:08:00	0
49	1899/12/30 0:08:10	0	1899/12/30 0:08:10	0	1899/12/30 0:08:10	0
50	1899/12/30 0:08:20	0	1899/12/30 0:08:20	0	1899/12/30 0:08:20	0
51	1899/12/30 0:08:30	0	1899/12/30 0:08:30	0	1899/12/30 0:08:30	0
52	1899/12/30 0:08:40	3	1899/12/30 0:08:40	0	1899/12/30 0:08:40	3
53	1899/12/30 0:08:50	3	1899/12/30 0:08:50	0	1899/12/30 0:08:50	3
54	1899/12/30 0:09:00	2	1899/12/30 0:09:00	0	1899/12/30 0:09:00	2
55	1899/12/30 0:09:10	4	1899/12/30 0:09:10	0	1899/12/30 0:09:10	4
56	1899/12/30 0:09:20	8	1899/12/30 0:09:20	0	1899/12/30 0:09:20	8
57	1899/12/30 0:09:30	5	1899/12/30 0:09:30	0	1899/12/30 0:09:30	5
58	1899/12/30 0:09:40	7	1899/12/30 0:09:40	0	1899/12/30 0:09:40	7
59	1899/12/30 0:09:50	0	1899/12/30 0:09:50	0	1899/12/30 0:09:50	0
60	1899/12/30 0:10:00	5	1899/12/30 0:10:00	0	1899/12/30 0:10:00	5
61	1899/12/30 0:10:10	3	1899/12/30 0:10:10	0	1899/12/30 0:10:10	3
62	1899/12/30 0:10:20	4	1899/12/30 0:10:20	0	1899/12/30 0:10:20	4
63	1899/12/30 0:10:30	3	1899/12/30 0:10:30	0	1899/12/30 0:10:30	3
64	1899/12/30 0:10:40	7	1899/12/30 0:10:40	0	1899/12/30 0:10:40	7
65	1899/12/30 0:10:50	5	1899/12/30 0:10:50	0	1899/12/30 0:10:50	5
66	1899/12/30 0:11:00	5	1899/12/30 0:11:00	0	1899/12/30 0:11:00	5
67	1899/12/30 0:11:10	6	1899/12/30 0:11:10	0	1899/12/30 0:11:10	6
68	1899/12/30 0:11:20	6	1899/12/30 0:11:20	0	1899/12/30 0:11:20	6
69	1899/12/30 0:11:30	5	1899/12/30 0:11:30	0	1899/12/30 0:11:30	5
70	1899/12/30 0:11:40	7	1899/12/30 0:11:40	0	1899/12/30 0:11:40	7
71	1899/12/30 0:11:50	7	1899/12/30 0:11:50	0	1899/12/30 0:11:50	7
72	1899/12/30 0:12:00	4	1899/12/30 0:12:00	0	1899/12/30 0:12:00	4
73	1899/12/30 0:12:10	6	1899/12/30 0:12:10	0	1899/12/30 0:12:10	6
74	1899/12/30 0:12:20	3	1899/12/30 0:12:20	0	1899/12/30 0:12:20	3
75	1899/12/30 0:12:30	4	1899/12/30 0:12:30	0	1899/12/30 0:12:30	4
76	1899/12/30 0:12:40	7	1899/12/30 0:12:40	0	1899/12/30 0:12:40	7
77	1899/12/30 0:12:50	8	1899/12/30 0:12:50	0	1899/12/30 0:12:50	8
78	1899/12/30 0:13:00	7	1899/12/30 0:13:00	0	1899/12/30 0:13:00	7
79	1899/12/30 0:13:10	1	1899/12/30 0:13:10	0	1899/12/30 0:13:10	1
80	1899/12/30 0:13:20	4	1899/12/30 0:13:20	0	1899/12/30 0:13:20	4
81	1899/12/30 0:13:30	0	1899/12/30 0:13:30	0	1899/12/30 0:13:30	0
82	1899/12/30 0:13:40	2	1899/12/30 0:13:40	0	1899/12/30 0:13:40	2
83	1899/12/30 0:13:50	4	1899/12/30 0:13:50	0	1899/12/30 0:13:50	4
84	1899/12/30 0:14:00	1	1899/12/30 0:14:00	0	1899/12/30 0:14:00	1
85	1899/12/30 0:14:10	1	1899/12/30 0:14:10	0	1899/12/30 0:14:10	1
86	1899/12/30 0:14:20	1	1899/12/30 0:14:20	0	1899/12/30 0:14:20	1
87	1899/12/30 0:14:30	0	1899/12/30 0:14:30	0	1899/12/30 0:14:30	0
88	1899/12/30 0:14:40	0	1899/12/30 0:14:40	0	1899/12/30 0:14:40	0
89	1899/12/30 0:14:50	1	1899/12/30 0:14:50	0	1899/12/30 0:14:50	1
90	1899/12/30 0:15:00	0	1899/12/30 0:15:00	0	1899/12/30 0:15:00	0
91	1899/12/30 0:15:10	0	1899/12/30 0:15:10	0	1899/12/30 0:15:10	0
92	1899/12/30 0:15:20	0	1899/12/30 0:15:20	0	1899/12/30 0:15:20	0
93	1899/12/30 0:15:30	0	1899/12/30 0:15:30	0	1899/12/30 0:15:30	0
94	1899/12/30 0:15:40	1	1899/12/30 0:15:40	0	1899/12/30 0:15:40	1
95	1899/12/30 0:15:50	0	1899/12/30 0:15:50	0	1899/12/30 0:15:50	0
96	1899/12/30 0:16:00	1	1899/12/30 0:16:00	0	1899/12/30 0:16:00	1
97	1899/12/30 0:16:10	0	1899/12/30 0:16:10	0	1899/12/30 0:16:10	0
98	1899/12/30 0:16:20	0	1899/12/30 0:16:20	0	1899/12/30 0:16:20	0
99	1899/12/30 0:16:30	1	1899/12/30 0:16:30	2	1899/12/30 0:16:30	3
100	1899/12/30 0:16:40	0	1899/12/30 0:16:40	6	1899/12/30 0:16:40	6
101	1899/12/30 0:16:50	1	1899/12/30 0:16:50	7	1899/12/30 0:16:50	8
102	1899/12/30 0:17:00	0	1899/12/30 0:17:00	6	1899/12/30 0:17:00	6
103	1899/12/30 0:17:10	0	1899/12/30 0:17:10	10	1899/12/30 0:17:10	10
104	1899/12/30 0:17:20	0	1899/12/30 0:17:20	18	1899/12/30 0:17:20	18
105	1899/12/30 0:17:30	0	1899/12/30 0:17:30	19	1899/12/30 0:17:30	19
106	1899/12/30 0:17:40	0	1899/12/30 0:17:40	19	1899/12/30 0:17:40	19
107	1899/12/30 0:17:50	1	1899/12/30 0:17:50	22	1899/12/30 0:17:50	23
108	1899/12/30 0:18:00	0	1899/12/30 0:18:00	21	1899/12/30 0:18:00	21
109	1899/12/30 0:18:10	1	1899/12/30 0:18:10	5	1899/12/30 0:18:10	6
110	1899/12/30 0:18:20	1	1899/12/30 0:18:20	8	1899/12/30 0:18:20	9
111	1899/12/30 0:18:30	0	1899/12/30 0:18:30	3	1899/12/30 0:18:30	3
112	1899/12/30 0:18:40	4	1899/12/30 0:18:40	4	1899/12/30 0:18:40	8
113	1899/12/30 0:18:50	2	1899/12/30 0:18:50	3	1899/12/30 0:18:50	5
114	1899/12/30 0:19:00	2	1899/12/30 0:19:00	0	1899/12/30 0:19:00	2
115	1899/12/30 0:19:10	5	1899/12/30 0:19:10	1	1899/12/30 0:19:10	6
116	1899/12/30 0:19:20	4	1899/12/30 0:19:20	0	1899/12/30 0:19:20	4
117	1899/12/30 0:19:30	2	1899/12/30 0:19:30	0	1899/12/30 0:19:30	2
118	1899/12/30 0:19:40	8	1899/12/30 0:19:40	0	1899/12/30 0:19:40	8
119	1899/12/30 0:19:50	1	1899/12/30 0:19:50	0	1899/12/30 0:19:50	1
120	1899/12/30 0:20:00	5	1899/12/30 0:20:00	0	1899/12/30 0:20:00	5
121	1899/12/30 0:20:10	3	1899/12/30 0:20:10	0	1899/12/30 0:20:10	3
122	1899/12/30 0:20:20	4	1899/12/30 0:20:20	0	1899/12/30 0:20:20	4
123	1899/12/30 0:20:30	8	1899/12/30 0:20:30	0	1899/12/30 0:20:30	8
124	1899/12/30 0:20:40	8	1899/12/30 0:20:40	0	1899/12/30 0:20:40	8
125	1899/12/30 0:20:50	7	1899/12/30 0:20:50	0	1899/12/30 0:20:50	7
126	1899/12/30 0:21:00	6	1899/12/30 0:21:00	0	1899/12/30 0:21:00	6
127	1899/12/30 0:21:10	7	1899/12/30 0:21:10	0	1899/12/30 0:21:10	7
128	1899/12/30 0:21:20	11	1899/12/30 0:21:20	0	1899/12/30 0:21:20	11
129	1899/12/30 0:21:30	7	1899/12/30 0:21:30	0	1899/12/30 0:21:30	7
130	1899/12/30 0:21:40	4	1899/12/30 0:21:40	0	1899/12/30 0:21:40	4
131	1899/12/30 0:21:50	2	1899/12/30 0:21:50	0	1899/12/30 0:21:50	2
132	1899/12/30 0:22:00	3	1899/12/30 0:22:00	0	1899/12/30 0:22:00	3
133	1899/12/30 0:22:10	1	1899/12/30 0:22:10	0	1899/12/30 0:22:10	1
134	1899/12/30 0:22:20	0	1899/12/30 0:22:20	0	1899/12/30 0:22:20	0
135	1899/12/30 0:22:30	1	1899/12/30 0:22:30	0	1899/12/30 0:22:30	1
136	1899/12/30 0:22:40	1	1899/12/30 0:22:40	0	1899/12/30 0:22:40	1
137	1899/12/30 0:22:50	0	1899/12/30 0:22:50	0	1899/12/30 0:22:50	0
138	1899/12/30 0:23:00	2	1899/12/30 0:23:00	0	1899/12/30 0:23:00	2
139	1899/12/30 0:23:10	0	1899/12/30 0:23:10	0	1899/12/30 0:23:10	0
140	1899/12/30 0:23:20	0	1899/12/30 0:23:20	0	1899/12/30 0:23:20	0
141	1899/12/30 0:23:30	0	1899/12/30 0:23:30	0	1899/12/30 0:23:30	0
142	1899/12/30 0:23:40	0	1899/12/30 0:23:40	0	1899/12/30 0:23:40	0
143	1899/12/30 0:23:50	0	1899/12/30 0:23:50	0	1899/12/30 0:23:50	0
144	1899/12/30 0:24:00	0	1899/12/30 0:24:00	0	1899/12/30 0:24:00	0
145	1899/12/30 0:24:10	0	1899/12/30 0:24:10	0	1899/12/30 0:24:10	0
146	1899/12/30 0:24:20	0	1899/12/30 0:24:20	0	1899/12/30 0:24:20	0
147	1899/12/30 0:24:30	0	1899/12/30 0:24:30	0	1899/12/30 0:24:30	0
148	1899/12/30 0:24:40	0	1899/12/30 0:24:40	0	1899/12/30 0:24:40	0
149	1899/12/30 0:24:50	1	1899/12/30 0:24:50	0	1899/12/30 0:24:50	1
150	1899/12/30 0:25:00	1	1899/12/30 0:25:00	0	1899/12/30 0:25:00	1
151	1899/12/30 0:25:10	0	1899/12/30 0:25:10	0	1899/12/30 0:25:10	0
152	1899/12/30 0:25:20	0	1899/12/30 0:25:20	0	1899/12/30 0:25:20	0
153	1899/12/30 0:25:30	0	1899/12/30 0:25:30	0	1899/12/30 0:25:30	0
154	1899/12/30 0:25:40	1	1899/12/30 0:25:40	0	1899/12/30 0:25:40	1
155	1899/12/30 0:25:50	0	1899/12/30 0:25:50	0	1899/12/30 0:25:50	0
156	1899/12/30 0:26:00	1	1899/12/30 0:26:00	0	1899/12/30 0:26:00	1
157	1899/12/30 0:26:10	0	1899/12/30 0:26:10	0	1899/12/30 0:26:10	0
158	1899/12/30 0:26:20	3	1899/12/30 0:26:20	0	1899/12/30 0:26:20	3
159	1899/12/30 0:26:30	6	1899/12/30 0:26:30	0	1899/12/30 0:26:30	6
160	1899/12/30 0:26:40	5	1899/12/30 0:26:40	0	1899/12/30 0:26:40	5
161	1899/12/30 0:26:50	4	1899/12/30 0:26:50	0	1899/12/30 0:26:50	4
162	1899/12/30 0:27:00	2	1899/12/30 0:27:00	0	1899/12/30 0:27:00	2
163	1899/12/30 0:27:10	2	1899/12/30 0:27:10	0	1899/12/30 0:27:10	2
164	1899/12/30 0:27:20	5	1899/12/30 0:27:20	0	1899/12/30 0:27:20	5
165	1899/12/30 0:27:30	5	1899/12/30 0:27:30	0	1899/12/30 0:27:30	5
166	1899/12/30 0:27:40	3	1899/12/30 0:27:40	0	1899/12/30 0:27:40	3
167	1899/12/30 0:27:50	5	1899/12/30 0:27:50	0	1899/12/30 0:27:50	5
168	1899/12/30 0:28:00	8	1899/12/30 0:28:00	0	1899/12/30 0:28:00	8
169	1899/12/30 0:28:10	12	1899/12/30 0:28:10	0	1899/12/30 0:28:10	12
170	1899/12/30 0:28:20	1	1899/12/30 0:28:20	0	1899/12/30 0:28:20	1
171	1899/12/30 0:28:30	5	1899/12/30 0:28:30	3	1899/12/30 0:28:30	8
172	1899/12/30 0:28:40	1	1899/12/30 0:28:40	3	1899/12/30 0:28:40	4
173	1899/12/30 0:28:50	3	1899/12/30 0:28:50	6	1899/12/30 0:28:50	9
174	1899/12/30 0:29:00	3	1899/12/30 0:29:00	7	1899/12/30 0:29:00	10
175	1899/12/30 0:29:10	1	1899/12/30 0:29:10	2	1899/12/30 0:29:10	3
176	1899/12/30 0:29:20	3	1899/12/30 0:29:20	4	1899/12/30 0:29:20	7
177	1899/12/30 0:29:30	5	1899/12/30 0:29:30	14	1899/12/30 0:29:30	19
178	1899/12/30 0:29:40	4	1899/12/30 0:29:40	7	1899/12/30 0:29:40	11
179	1899/12/30 0:29:50	1	1899/12/30 0:29:50	12	1899/12/30 0:29:50	13
180	1899/12/30 0:30:00	1	1899/12/30 0:30:00	9	1899/12/30 0:30:00	10
181	1899/12/30 0:30:10	6	1899/12/30 0:30:10	6	1899/12/30 0:30:10	12
182	1899/12/30 0:30:20	1	1899/12/30 0:30:20	0	1899/12/30 0:30:20	1
183	1899/12/30 0:30:30	3	1899/12/30 0:30:30	3	1899/12/30 0:30:30	6
184	1899/12/30 0:30:40	1	1899/12/30 0:30:40	0	1899/12/30 0:30:40	1
185	1899/12/30 0:30:50	3	1899/12/30 0:30:50	1	1899/12/30 0:30:50	4
186	1899/12/30 0:31:00	1	1899/12/30 0:31:00	0	1899/12/30 0:31:00	1
187	1899/12/30 0:31:10	1	1899/12/30 0:31:10	0	1899/12/30 0:31:10	1
188	1899/12/30 0:31:20	0	1899/12/30 0:31:20	0	1899/12/30 0:31:20	0
189	1899/12/30 0:31:30	0	1899/12/30 0:31:30	0	1899/12/30 0:31:30	0
190	1899/12/30 0:31:40	1	1899/12/30 0:31:40	1	1899/12/30 0:31:40	2
191	1899/12/30 0:31:50	0	1899/12/30 0:31:50	0	1899/12/30 0:31:50	0
192	1899/12/30 0:32:00	1	1899/12/30 0:32:00	0	1899/12/30 0:32:00	1
193	1899/12/30 0:32:10	1	1899/12/30 0:32:10	0	1899/12/30 0:32:10	1
194	1899/12/30 0:32:20	3	1899/12/30 0:32:20	0	1899/12/30 0:32:20	3
195	1899/12/30 0:32:30	0	1899/12/30 0:32:30	0	1899/12/30 0:32:30	0
196	1899/12/30 0:32:40	0	1899/12/30 0:32:40	0	1899/12/30 0:32:40	0
197	1899/12/30 0:32:50	1	1899/12/30 0:32:50	0	1899/12/30 0:32:50	1
198	1899/12/30 0:33:00	0	1899/12/30 0:33:00	0	1899/12/30 0:33:00	0
199	1899/12/30 0:33:10	1	1899/12/30 0:33:10	0	1899/12/30 0:33:10	1
200	1899/12/30 0:33:20	1	1899/12/30 0:33:20	0	1899/12/30 0:33:20	1
201	1899/12/30 0:33:30	0	1899/12/30 0:33:30	0	1899/12/30 0:33:30	0
202	1899/12/30 0:33:40	0	1899/12/30 0:33:40	0	1899/12/30 0:33:40	0
203	1899/12/30 0:33:50	0	1899/12/30 0:33:50	0	1899/12/30 0:33:50	0
204	1899/12/30 0:34:00	0	1899/12/30 0:34:00	0	1899/12/30 0:34:00	0
205	1899/12/30 0:34:10	0	1899/12/30 0:34:10	0	1899/12/30 0:34:10	0
206	1899/12/30 0:34:20	0	1899/12/30 0:34:20	0	1899/12/30 0:34:20	0
207	1899/12/30 0:34:30	1	1899/12/30 0:34:30	0	1899/12/30 0:34:30	1
208	1899/12/30 0:34:40	0	1899/12/30 0:34:40	0	1899/12/30 0:34:40	0
209	1899/12/30 0:34:50	0	1899/12/30 0:34:50	0	1899/12/30 0:34:50	0
210	1899/12/30 0:35:00	0	1899/12/30 0:35:00	0	1899/12/30 0:35:00	0
211	1899/12/30 0:35:10	1	1899/12/30 0:35:10	0	1899/12/30 0:35:10	1
212	1899/12/30 0:35:20	0	1899/12/30 0:35:20	0	1899/12/30 0:35:20	0
213	1899/12/30 0:35:30	0	1899/12/30 0:35:30	0	1899/12/30 0:35:30	0
214	1899/12/30 0:35:40	0	1899/12/30 0:35:40	0	1899/12/30 0:35:40	0
215	1899/12/30 0:35:50	0	1899/12/30 0:35:50	0	1899/12/30 0:35:50	0
216	1899/12/30 0:36:00	1	1899/12/30 0:36:00	0	1899/12/30 0:36:00	1
217	1899/12/30 0:36:10	5	1899/12/30 0:36:10	0	1899/12/30 0:36:10	5
218	1899/12/30 0:36:20	3	1899/12/30 0:36:20	0	1899/12/30 0:36:20	3
219	1899/12/30 0:36:30	6	1899/12/30 0:36:30	0	1899/12/30 0:36:30	6
220	1899/12/30 0:36:40	7	1899/12/30 0:36:40	0	1899/12/30 0:36:40	7
221	1899/12/30 0:36:50	2	1899/12/30 0:36:50	0	1899/12/30 0:36:50	2
222	1899/12/30 0:37:00	8	1899/12/30 0:37:00	0	1899/12/30 0:37:00	8
223	1899/12/30 0:37:10	10	1899/12/30 0:37:10	0	1899/12/30 0:37:10	10
224	1899/12/30 0:37:20	4	1899/12/30 0:37:20	0	1899/12/30 0:37:20	4
225	1899/12/30 0:37:30	6	1899/12/30 0:37:30	0	1899/12/30 0:37:30	6
226	1899/12/30 0:37:40	5	1899/12/30 0:37:40	0	1899/12/30 0:37:40	5
227	1899/12/30 0:37:50	5	1899/12/30 0:37:50	0	1899/12/30 0:37:50	5
228	1899/12/30 0:38:00	6	1899/12/30 0:38:00	0	1899/12/30 0:38:00	6
229	1899/12/30 0:38:10	1	1899/12/30 0:38:10	0	1899/12/30 0:38:10	1
230	1899/12/30 0:38:20	2	1899/12/30 0:38:20	0	1899/12/30 0:38:20	2
231	1899/12/30 0:38:30	4	1899/12/30 0:38:30	0	1899/12/30 0:38:30	4
232	1899/12/30 0:38:40	6	1899/12/30 0:38:40	0	1899/12/30 0:38:40	6
233	1899/12/30 0:38:50	2	1899/12/30 0:38:50	0	1899/12/30 0:38:50	2
234	1899/12/30 0:39:00	3	1899/12/30 0:39:00	0	1899/12/30 0:39:00	3
235	1899/12/30 0:39:10	6	1899/12/30 0:39:10	0	1899/12/30 0:39:10	6
236	1899/12/30 0:39:20	6	1899/12/30 0:39:20	0	1899/12/30 0:39:20	6
237	1899/12/30 0:39:30	2	1899/12/30 0:39:30	0	1899/12/30 0:39:30	2
238	1899/12/30 0:39:40	4	1899/12/30 0:39:40	0	1899/12/30 0:39:40	4
239	1899/12/30 0:39:50	5	1899/12/30 0:39:50	0	1899/12/30 0:39:50	5
240	1899/12/30 0:40:00	3	1899/12/30 0:40:00	0	1899/12/30 0:40:00	3
241	1899/12/30 0:40:10	3	1899/12/30 0:40:10	0	1899/12/30 0:40:10	3
242	1899/12/30 0:40:20	4	1899/12/30 0:40:20	1	1899/12/30 0:40:20	5
243	1899/12/30 0:40:30	7	1899/12/30 0:40:30	3	1899/12/30 0:40:30	10
244	1899/12/30 0:40:40	1	1899/12/30 0:40:40	2	1899/12/30 0:40:40	3
245	1899/12/30 0:40:50	7	1899/12/30 0:40:50	9	1899/12/30 0:40:50	16
246	1899/12/30 0:41:00	3	1899/12/30 0:41:00	9	1899/12/30 0:41:00	12
247	1899/12/30 0:41:10	0	1899/12/30 0:41:10	7	1899/12/30 0:41:10	7
248	1899/12/30 0:41:20	2	1899/12/30 0:41:20	7	1899/12/30 0:41:20	9
249	1899/12/30 0:41:30	0	1899/12/30 0:41:30	9	1899/12/30 0:41:30	9
250	1899/12/30 0:41:40	4	1899/12/30 0:41:40	4	1899/12/30 0:41:40	8
251	1899/12/30 0:41:50	1	1899/12/30 0:41:50	8	1899/12/30 0:41:50	9
252	1899/12/30 0:42:00	4	1899/12/30 0:42:00	11	1899/12/30 0:42:00	15
253	1899/12/30 0:42:10	0	1899/12/30 0:42:10	11	1899/12/30 0:42:10	11
254	1899/12/30 0:42:20	0	1899/12/30 0:42:20	10	1899/12/30 0:42:20	10
255	1899/12/30 0:42:30	0	1899/12/30 0:42:30	28	1899/12/30 0:42:30	28
256	1899/12/30 0:42:40	0	1899/12/30 0:42:40	27	1899/12/30 0:42:40	27
257	1899/12/30 0:42:50	0	1899/12/30 0:42:50	26	1899/12/30 0:42:50	26
258	1899/12/30 0:43:00	1	1899/12/30 0:43:00	21	1899/12/30 0:43:00	22
259	1899/12/30 0:43:10	0	1899/12/30 0:43:10	12	1899/12/30 0:43:10	12
260	1899/12/30 0:43:20	1	1899/12/30 0:43:20	5	1899/12/30 0:43:20	6
261	1899/12/30 0:43:30	1	1899/12/30 0:43:30	1	1899/12/30 0:43:30	2
262	1899/12/30 0:43:40	0	1899/12/30 0:43:40	0	1899/12/30 0:43:40	0
263	1899/12/30 0:43:50	0	1899/12/30 0:43:50	0	1899/12/30 0:43:50	0
264	1899/12/30 0:44:00	1	1899/12/30 0:44:00	0	1899/12/30 0:44:00	1
265	1899/12/30 0:44:10	4	1899/12/30 0:44:10	1	1899/12/30 0:44:10	5
266	1899/12/30 0:44:20	3	1899/12/30 0:44:20	0	1899/12/30 0:44:20	3
267	1899/12/30 0:44:30	3	1899/12/30 0:44:30	1	1899/12/30 0:44:30	4
268	1899/12/30 0:44:40	2	1899/12/30 0:44:40	0	1899/12/30 0:44:40	2
269	1899/12/30 0:44:50	4	1899/12/30 0:44:50	0	1899/12/30 0:44:50	4
270	1899/12/30 0:45:00	2	1899/12/30 0:45:00	0	1899/12/30 0:45:00	2
271	1899/12/30 0:45:10	5	1899/12/30 0:45:10	0	1899/12/30 0:45:10	5
272	1899/12/30 0:45:20	5	1899/12/30 0:45:20	0	1899/12/30 0:45:20	5
273	1899/12/30 0:45:30	4	1899/12/30 0:45:30	5	1899/12/30 0:45:30	9
274	1899/12/30 0:45:40	0	1899/12/30 0:45:40	10	1899/12/30 0:45:40	10
275	1899/12/30 0:45:50	0	1899/12/30 0:45:50	14	1899/12/30 0:45:50	14
276	1899/12/30 0:46:00	0	1899/12/30 0:46:00	26	1899/12/30 0:46:00	26
277	1899/12/30 0:46:10	0	1899/12/30 0:46:10	20	1899/12/30 0:46:10	20
278	1899/12/30 0:46:20	0	1899/12/30 0:46:20	24	1899/12/30 0:46:20	24
279	1899/12/30 0:46:30	0	1899/12/30 0:46:30	23	1899/12/30 0:46:30	23
280	1899/12/30 0:46:40	0	1899/12/30 0:46:40	17	1899/12/30 0:46:40	17
281	1899/12/30 0:46:50	0	1899/12/30 0:46:50	6	1899/12/30 0:46:50	6
282	1899/12/30 0:47:00	0	1899/12/30 0:47:00	9	1899/12/30 0:47:00	9
283	1899/12/30 0:47:10	0	1899/12/30 0:47:10	3	1899/12/30 0:47:10	3
284	1899/12/30 0:47:20	0	1899/12/30 0:47:20	1	1899/12/30 0:47:20	1
285	1899/12/30 0:47:30	0	1899/12/30 0:47:30	6	1899/12/30 0:47:30	6
286	1899/12/30 0:47:40	0	1899/12/30 0:47:40	12	1899/12/30 0:47:40	12
287	1899/12/30 0:47:50	0	1899/12/30 0:47:50	4	1899/12/30 0:47:50	4
288	1899/12/30 0:48:00	0	1899/12/30 0:48:00	0	1899/12/30 0:48:00	0
289	1899/12/30 0:48:10	0	1899/12/30 0:48:10	0	1899/12/30 0:48:10	0
290	1899/12/30 0:48:20	0	1899/12/30 0:48:20	1	1899/12/30 0:48:20	1
291	1899/12/30 0:48:30	0	1899/12/30 0:48:30	0	1899/12/30 0:48:30	0
292	1899/12/30 0:48:40	0	1899/12/30 0:48:40	0	1899/12/30 0:48:40	0
293	1899/12/30 0:48:50	0	1899/12/30 0:48:50	1	1899/12/30 0:48:50	1
294	1899/12/30 0:49:00	0	1899/12/30 0:49:00	0	1899/12/30 0:49:00	0
295	1899/12/30 0:49:10	0	1899/12/30 0:49:10	0	1899/12/30 0:49:10	0
296	1899/12/30 0:49:20	3	1899/12/30 0:49:20	2	1899/12/30 0:49:20	5
297	1899/12/30 0:49:30	0	1899/12/30 0:49:30	2	1899/12/30 0:49:30	2
298	1899/12/30 0:49:40	1	1899/12/30 0:49:40	1	1899/12/30 0:49:40	2
299	1899/12/30 0:49:50	4	1899/12/30 0:49:50	4	1899/12/30 0:49:50	8
300	1899/12/30 0:50:00	1	1899/12/30 0:50:00	1	1899/12/30 0:50:00	2
301	1899/12/30 0:50:10	0	1899/12/30 0:50:10	0	1899/12/30 0:50:10	0
302	1899/12/30 0:50:20	3	1899/12/30 0:50:20	1	1899/12/30 0:50:20	4
303	1899/12/30 0:50:30	6	1899/12/30 0:50:30	0	1899/12/30 0:50:30	6
304	1899/12/30 0:50:40	6	1899/12/30 0:50:40	0	1899/12/30 0:50:40	6
305	1899/12/30 0:50:50	6	1899/12/30 0:50:50	0	1899/12/30 0:50:50	6
306	1899/12/30 0:51:00	6	1899/12/30 0:51:00	0	1899/12/30 0:51:00	6
307	1899/12/30 0:51:10	6	1899/12/30 0:51:10	0	1899/12/30 0:51:10	6
308	1899/12/30 0:51:20	12	1899/12/30 0:51:20	0	1899/12/30 0:51:20	12
309	1899/12/30 0:51:30	8	1899/12/30 0:51:30	0	1899/12/30 0:51:30	8
310	1899/12/30 0:51:40	6	1899/12/30 0:51:40	0	1899/12/30 0:51:40	6
311	1899/12/30 0:51:50	6	1899/12/30 0:51:50	0	1899/12/30 0:51:50	6
312	1899/12/30 0:52:00	5	1899/12/30 0:52:00	0	1899/12/30 0:52:00	5
313	1899/12/30 0:52:10	0	1899/12/30 0:52:10	0	1899/12/30 0:52:10	0
314	1899/12/30 0:52:20	1	1899/12/30 0:52:20	0	1899/12/30 0:52:20	1
315	1899/12/30 0:52:30	1	1899/12/30 0:52:30	3	1899/12/30 0:52:30	4
316	1899/12/30 0:52:40	5	1899/12/30 0:52:40	6	1899/12/30 0:52:40	11
317	1899/12/30 0:52:50	0	1899/12/30 0:52:50	8	1899/12/30 0:52:50	8
318	1899/12/30 0:53:00	2	1899/12/30 0:53:00	13	1899/12/30 0:53:00	15
319	1899/12/30 0:53:10	0	1899/12/30 0:53:10	14	1899/12/30 0:53:10	14
320	1899/12/30 0:53:20	3	1899/12/30 0:53:20	16	1899/12/30 0:53:20	19
321	1899/12/30 0:53:30	4	1899/12/30 0:53:30	9	1899/12/30 0:53:30	13
322	1899/12/30 0:53:40	6	1899/12/30 0:53:40	3	1899/12/30 0:53:40	9
323	1899/12/30 0:53:50	4	1899/12/30 0:53:50	4	1899/12/30 0:53:50	8
324	1899/12/30 0:54:00	2	1899/12/30 0:54:00	8	1899/12/30 0:54:00	10
325	1899/12/30 0:54:10	1	1899/12/30 0:54:10	9	1899/12/30 0:54:10	10
326	1899/12/30 0:54:20	0	1899/12/30 0:54:20	3	1899/12/30 0:54:20	3
327	1899/12/30 0:54:30	0	1899/12/30 0:54:30	2	1899/12/30 0:54:30	2
328	1899/12/30 0:54:40	0	1899/12/30 0:54:40	1	1899/12/30 0:54:40	1
329	1899/12/30 0:54:50	0	1899/12/30 0:54:50	0	1899/12/30 0:54:50	0
330	1899/12/30 0:55:00	0	1899/12/30 0:55:00	1	1899/12/30 0:55:00	1
331	1899/12/30 0:55:10	0	1899/12/30 0:55:10	2	1899/12/30 0:55:10	2
332	1899/12/30 0:55:20	0	1899/12/30 0:55:20	4	1899/12/30 0:55:20	4
333	1899/12/30 0:55:30	0	1899/12/30 0:55:30	2	1899/12/30 0:55:30	2
334	1899/12/30 0:55:40	0	1899/12/30 0:55:40	0	1899/12/30 0:55:40	0
335	1899/12/30 0:55:50	0	1899/12/30 0:55:50	0	1899/12/30 0:55:50	0
336	1899/12/30 0:56:00	0	1899/12/30 0:56:00	0	1899/12/30 0:56:00	0
337	1899/12/30 0:56:10	0	1899/12/30 0:56:10	1	1899/12/30 0:56:10	1
338	1899/12/30 0:56:20	0	1899/12/30 0:56:20	0	1899/12/30 0:56:20	0
339	1899/12/30 0:56:30	0	1899/12/30 0:56:30	0	1899/12/30 0:56:30	0
340	1899/12/30 0:56:40	0	1899/12/30 0:56:40	0	1899/12/30 0:56:40	0
341	1899/12/30 0:56:50	0	1899/12/30 0:56:50	0	1899/12/30 0:56:50	0
342	1899/12/30 0:57:00	0	1899/12/30 0:57:00	0	1899/12/30 0:57:00	0
343	1899/12/30 0:57:10	0	1899/12/30 0:57:10	0	1899/12/30 0:57:10	0
344	1899/12/30 0:57:20	0	1899/12/30 0:57:20	0	1899/12/30 0:57:20	0
345	1899/12/30 0:57:30	0	1899/12/30 0:57:30	0	1899/12/30 0:57:30	0
346	1899/12/30 0:57:40	0	1899/12/30 0:57:40	0	1899/12/30 0:57:40	0
347	1899/12/30 0:57:50	0	1899/12/30 0:57:50	0	1899/12/30 0:57:50	0
348	1899/12/30 0:58:00	0	1899/12/30 0:58:00	0	1899/12/30 0:58:00	0
349	1899/12/30 0:58:10	0	1899/12/30 0:58:10	0	1899/12/30 0:58:10	0
350	1899/12/30 0:58:20	0	1899/12/30 0:58:20	0	1899/12/30 0:58:20	0
351	1899/12/30 0:58:30	0	1899/12/30 0:58:30	0	1899/12/30 0:58:30	0
352	1899/12/30 0:58:40	0	1899/12/30 0:58:40	0	1899/12/30 0:58:40	0
353	1899/12/30 0:58:50	0	1899/12/30 0:58:50	0	1899/12/30 0:58:50	0
354	1899/12/30 0:59:00	0	1899/12/30 0:59:00	0	1899/12/30 0:59:00	0
355	1899/12/30 0:59:10	0	1899/12/30 0:59:10	0	1899/12/30 0:59:10	0
356	1899/12/30 0:59:20	0	1899/12/30 0:59:20	0	1899/12/30 0:59:20	0
357	1899/12/30 0:59:30	0	1899/12/30 0:59:30	0	1899/12/30 0:59:30	0
358	1899/12/30 0:59:40	1	1899/12/30 0:59:40	0	1899/12/30 0:59:40	1
359	1899/12/30 0:59:50	0	1899/12/30 0:59:50	0	1899/12/30 0:59:50	0
360	1899/12/30 1:00:00	0	1899/12/30 1:00:00	0	1899/12/30 1:00:00	0
