Index	X	Left to Right	X	Right to Left	X	Sum
0	1899/12/30	0	1899/12/30	0	1899/12/30	0
1	1899/12/30 0:00:10	0	1899/12/30 0:00:10	0	1899/12/30 0:00:10	0
2	1899/12/30 0:00:20	0	1899/12/30 0:00:20	0	1899/12/30 0:00:20	0
3	1899/12/30 0:00:30	0	1899/12/30 0:00:30	0	1899/12/30 0:00:30	0
4	1899/12/30 0:00:40	0	1899/12/30 0:00:40	0	1899/12/30 0:00:40	0
5	1899/12/30 0:00:50	1	1899/12/30 0:00:50	0	1899/12/30 0:00:50	1
6	1899/12/30 0:01:00	0	1899/12/30 0:01:00	0	1899/12/30 0:01:00	0
7	1899/12/30 0:01:10	1	1899/12/30 0:01:10	0	1899/12/30 0:01:10	1
8	1899/12/30 0:01:20	1	1899/12/30 0:01:20	0	1899/12/30 0:01:20	1
9	1899/12/30 0:01:30	2	1899/12/30 0:01:30	0	1899/12/30 0:01:30	2
10	1899/12/30 0:01:40	3	1899/12/30 0:01:40	0	1899/12/30 0:01:40	3
11	1899/12/30 0:01:50	0	1899/12/30 0:01:50	0	1899/12/30 0:01:50	0
12	1899/12/30 0:02:00	2	1899/12/30 0:02:00	0	1899/12/30 0:02:00	2
13	1899/12/30 0:02:10	9	1899/12/30 0:02:10	0	1899/12/30 0:02:10	9
14	1899/12/30 0:02:20	0	1899/12/30 0:02:20	0	1899/12/30 0:02:20	0
15	1899/12/30 0:02:30	4	1899/12/30 0:02:30	0	1899/12/30 0:02:30	4
16	1899/12/30 0:02:40	6	1899/12/30 0:02:40	0	1899/12/30 0:02:40	6
17	1899/12/30 0:02:50	0	1899/12/30 0:02:50	0	1899/12/30 0:02:50	0
18	1899/12/30 0:03:00	2	1899/12/30 0:03:00	0	1899/12/30 0:03:00	2
19	1899/12/30 0:03:10	3	1899/12/30 0:03:10	0	1899/12/30 0:03:10	3
20	1899/12/30 0:03:20	4	1899/12/30 0:03:20	0	1899/12/30 0:03:20	4
21	1899/12/30 0:03:30	1	1899/12/30 0:03:30	0	1899/12/30 0:03:30	1
22	1899/12/30 0:03:40	8	1899/12/30 0:03:40	0	1899/12/30 0:03:40	8
23	1899/12/30 0:03:50	2	1899/12/30 0:03:50	0	1899/12/30 0:03:50	2
24	1899/12/30 0:04:00	7	1899/12/30 0:04:00	0	1899/12/30 0:04:00	7
25	1899/12/30 0:04:10	1	1899/12/30 0:04:10	0	1899/12/30 0:04:10	1
26	1899/12/30 0:04:20	1	1899/12/30 0:04:20	3	1899/12/30 0:04:20	4
27	1899/12/30 0:04:30	4	1899/12/30 0:04:30	15	1899/12/30 0:04:30	19
28	1899/12/30 0:04:40	5	1899/12/30 0:04:40	15	1899/12/30 0:04:40	20
29	1899/12/30 0:04:50	2	1899/12/30 0:04:50	19	1899/12/30 0:04:50	21
30	1899/12/30 0:05:00	4	1899/12/30 0:05:00	14	1899/12/30 0:05:00	18
31	1899/12/30 0:05:10	5	1899/12/30 0:05:10	4	1899/12/30 0:05:10	9
32	1899/12/30 0:05:20	0	1899/12/30 0:05:20	0	1899/12/30 0:05:20	0
33	1899/12/30 0:05:30	2	1899/12/30 0:05:30	0	1899/12/30 0:05:30	2
34	1899/12/30 0:05:40	1	1899/12/30 0:05:40	5	1899/12/30 0:05:40	6
35	1899/12/30 0:05:50	5	1899/12/30 0:05:50	3	1899/12/30 0:05:50	8
36	1899/12/30 0:06:00	3	1899/12/30 0:06:00	10	1899/12/30 0:06:00	13
37	1899/12/30 0:06:10	2	1899/12/30 0:06:10	6	1899/12/30 0:06:10	8
38	1899/12/30 0:06:20	1	1899/12/30 0:06:20	7	1899/12/30 0:06:20	8
39	1899/12/30 0:06:30	0	1899/12/30 0:06:30	2	1899/12/30 0:06:30	2
40	1899/12/30 0:06:40	0	1899/12/30 0:06:40	0	1899/12/30 0:06:40	0
41	1899/12/30 0:06:50	0	1899/12/30 0:06:50	2	1899/12/30 0:06:50	2
42	1899/12/30 0:07:00	0	1899/12/30 0:07:00	0	1899/12/30 0:07:00	0
43	1899/12/30 0:07:10	0	1899/12/30 0:07:10	0	1899/12/30 0:07:10	0
44	1899/12/30 0:07:20	0	1899/12/30 0:07:20	0	1899/12/30 0:07:20	0
45	1899/12/30 0:07:30	0	1899/12/30 0:07:30	0	1899/12/30 0:07:30	0
46	1899/12/30 0:07:40	0	1899/12/30 0:07:40	0	1899/12/30 0:07:40	0
47	1899/12/30 0:07:50	1	1899/12/30 0:07:50	0	1899/12/30 0:07:50	1
48	1899/12/30 0:08:00	1	1899/12/30 0:08:00	0	1899/12/30 0:08:00	1
49	1899/12/30 0:08:10	1	1899/12/30 0:08:10	0	1899/12/30 0:08:10	1
50	1899/12/30 0:08:20	6	1899/12/30 0:08:20	0	1899/12/30 0:08:20	6
51	1899/12/30 0:08:30	4	1899/12/30 0:08:30	0	1899/12/30 0:08:30	4
52	1899/12/30 0:08:40	2	1899/12/30 0:08:40	0	1899/12/30 0:08:40	2
53	1899/12/30 0:08:50	9	1899/12/30 0:08:50	0	1899/12/30 0:08:50	9
54	1899/12/30 0:09:00	11	1899/12/30 0:09:00	0	1899/12/30 0:09:00	11
55	1899/12/30 0:09:10	13	1899/12/30 0:09:10	0	1899/12/30 0:09:10	13
56	1899/12/30 0:09:20	13	1899/12/30 0:09:20	0	1899/12/30 0:09:20	13
57	1899/12/30 0:09:30	15	1899/12/30 0:09:30	0	1899/12/30 0:09:30	15
58	1899/12/30 0:09:40	11	1899/12/30 0:09:40	0	1899/12/30 0:09:40	11
59	1899/12/30 0:09:50	11	1899/12/30 0:09:50	0	1899/12/30 0:09:50	11
60	1899/12/30 0:10:00	7	1899/12/30 0:10:00	0	1899/12/30 0:10:00	7
61	1899/12/30 0:10:10	8	1899/12/30 0:10:10	0	1899/12/30 0:10:10	8
62	1899/12/30 0:10:20	8	1899/12/30 0:10:20	0	1899/12/30 0:10:20	8
63	1899/12/30 0:10:30	5	1899/12/30 0:10:30	0	1899/12/30 0:10:30	5
64	1899/12/30 0:10:40	10	1899/12/30 0:10:40	0	1899/12/30 0:10:40	10
65	1899/12/30 0:10:50	4	1899/12/30 0:10:50	0	1899/12/30 0:10:50	4
66	1899/12/30 0:11:00	3	1899/12/30 0:11:00	0	1899/12/30 0:11:00	3
67	1899/12/30 0:11:10	2	1899/12/30 0:11:10	0	1899/12/30 0:11:10	2
68	1899/12/30 0:11:20	1	1899/12/30 0:11:20	0	1899/12/30 0:11:20	1
69	1899/12/30 0:11:30	2	1899/12/30 0:11:30	0	1899/12/30 0:11:30	2
70	1899/12/30 0:11:40	4	1899/12/30 0:11:40	0	1899/12/30 0:11:40	4
71	1899/12/30 0:11:50	1	1899/12/30 0:11:50	0	1899/12/30 0:11:50	1
72	1899/12/30 0:12:00	0	1899/12/30 0:12:00	0	1899/12/30 0:12:00	0
73	1899/12/30 0:12:10	2	1899/12/30 0:12:10	0	1899/12/30 0:12:10	2
74	1899/12/30 0:12:20	1	1899/12/30 0:12:20	0	1899/12/30 0:12:20	1
75	1899/12/30 0:12:30	1	1899/12/30 0:12:30	0	1899/12/30 0:12:30	1
76	1899/12/30 0:12:40	2	1899/12/30 0:12:40	0	1899/12/30 0:12:40	2
77	1899/12/30 0:12:50	1	1899/12/30 0:12:50	0	1899/12/30 0:12:50	1
78	1899/12/30 0:13:00	1	1899/12/30 0:13:00	0	1899/12/30 0:13:00	1
79	1899/12/30 0:13:10	1	1899/12/30 0:13:10	0	1899/12/30 0:13:10	1
80	1899/12/30 0:13:20	2	1899/12/30 0:13:20	0	1899/12/30 0:13:20	2
81	1899/12/30 0:13:30	6	1899/12/30 0:13:30	0	1899/12/30 0:13:30	6
82	1899/12/30 0:13:40	2	1899/12/30 0:13:40	0	1899/12/30 0:13:40	2
83	1899/12/30 0:13:50	4	1899/12/30 0:13:50	0	1899/12/30 0:13:50	4
84	1899/12/30 0:14:00	13	1899/12/30 0:14:00	0	1899/12/30 0:14:00	13
85	1899/12/30 0:14:10	4	1899/12/30 0:14:10	0	1899/12/30 0:14:10	4
86	1899/12/30 0:14:20	4	1899/12/30 0:14:20	0	1899/12/30 0:14:20	4
87	1899/12/30 0:14:30	4	1899/12/30 0:14:30	0	1899/12/30 0:14:30	4
88	1899/12/30 0:14:40	8	1899/12/30 0:14:40	0	1899/12/30 0:14:40	8
89	1899/12/30 0:14:50	3	1899/12/30 0:14:50	0	1899/12/30 0:14:50	3
90	1899/12/30 0:15:00	3	1899/12/30 0:15:00	0	1899/12/30 0:15:00	3
91	1899/12/30 0:15:10	4	1899/12/30 0:15:10	0	1899/12/30 0:15:10	4
92	1899/12/30 0:15:20	1	1899/12/30 0:15:20	0	1899/12/30 0:15:20	1
93	1899/12/30 0:15:30	1	1899/12/30 0:15:30	0	1899/12/30 0:15:30	1
94	1899/12/30 0:15:40	4	1899/12/30 0:15:40	0	1899/12/30 0:15:40	4
95	1899/12/30 0:15:50	5	1899/12/30 0:15:50	0	1899/12/30 0:15:50	5
96	1899/12/30 0:16:00	3	1899/12/30 0:16:00	0	1899/12/30 0:16:00	3
97	1899/12/30 0:16:10	0	1899/12/30 0:16:10	0	1899/12/30 0:16:10	0
98	1899/12/30 0:16:20	0	1899/12/30 0:16:20	3	1899/12/30 0:16:20	3
99	1899/12/30 0:16:30	4	1899/12/30 0:16:30	11	1899/12/30 0:16:30	15
100	1899/12/30 0:16:40	8	1899/12/30 0:16:40	8	1899/12/30 0:16:40	16
101	1899/12/30 0:16:50	2	1899/12/30 0:16:50	9	1899/12/30 0:16:50	11
102	1899/12/30 0:17:00	1	1899/12/30 0:17:00	5	1899/12/30 0:17:00	6
103	1899/12/30 0:17:10	3	1899/12/30 0:17:10	9	1899/12/30 0:17:10	12
104	1899/12/30 0:17:20	1	1899/12/30 0:17:20	6	1899/12/30 0:17:20	7
105	1899/12/30 0:17:30	2	1899/12/30 0:17:30	12	1899/12/30 0:17:30	14
106	1899/12/30 0:17:40	7	1899/12/30 0:17:40	11	1899/12/30 0:17:40	18
107	1899/12/30 0:17:50	0	1899/12/30 0:17:50	15	1899/12/30 0:17:50	15
108	1899/12/30 0:18:00	1	1899/12/30 0:18:00	23	1899/12/30 0:18:00	24
109	1899/12/30 0:18:10	5	1899/12/30 0:18:10	19	1899/12/30 0:18:10	24
110	1899/12/30 0:18:20	0	1899/12/30 0:18:20	17	1899/12/30 0:18:20	17
111	1899/12/30 0:18:30	3	1899/12/30 0:18:30	4	1899/12/30 0:18:30	7
112	1899/12/30 0:18:40	0	1899/12/30 0:18:40	6	1899/12/30 0:18:40	6
113	1899/12/30 0:18:50	1	1899/12/30 0:18:50	0	1899/12/30 0:18:50	1
114	1899/12/30 0:19:00	0	1899/12/30 0:19:00	1	1899/12/30 0:19:00	1
115	1899/12/30 0:19:10	0	1899/12/30 0:19:10	1	1899/12/30 0:19:10	1
116	1899/12/30 0:19:20	0	1899/12/30 0:19:20	0	1899/12/30 0:19:20	0
117	1899/12/30 0:19:30	1	1899/12/30 0:19:30	0	1899/12/30 0:19:30	1
118	1899/12/30 0:19:40	4	1899/12/30 0:19:40	0	1899/12/30 0:19:40	4
119	1899/12/30 0:19:50	1	1899/12/30 0:19:50	0	1899/12/30 0:19:50	1
120	1899/12/30 0:20:00	2	1899/12/30 0:20:00	0	1899/12/30 0:20:00	2
121	1899/12/30 0:20:10	4	1899/12/30 0:20:10	0	1899/12/30 0:20:10	4
122	1899/12/30 0:20:20	11	1899/12/30 0:20:20	0	1899/12/30 0:20:20	11
123	1899/12/30 0:20:30	7	1899/12/30 0:20:30	0	1899/12/30 0:20:30	7
124	1899/12/30 0:20:40	12	1899/12/30 0:20:40	0	1899/12/30 0:20:40	12
125	1899/12/30 0:20:50	12	1899/12/30 0:20:50	0	1899/12/30 0:20:50	12
126	1899/12/30 0:21:00	7	1899/12/30 0:21:00	0	1899/12/30 0:21:00	7
127	1899/12/30 0:21:10	14	1899/12/30 0:21:10	0	1899/12/30 0:21:10	14
128	1899/12/30 0:21:20	17	1899/12/30 0:21:20	0	1899/12/30 0:21:20	17
129	1899/12/30 0:21:30	13	1899/12/30 0:21:30	0	1899/12/30 0:21:30	13
130	1899/12/30 0:21:40	11	1899/12/30 0:21:40	0	1899/12/30 0:21:40	11
131	1899/12/30 0:21:50	14	1899/12/30 0:21:50	0	1899/12/30 0:21:50	14
132	1899/12/30 0:22:00	2	1899/12/30 0:22:00	0	1899/12/30 0:22:00	2
133	1899/12/30 0:22:10	1	1899/12/30 0:22:10	1	1899/12/30 0:22:10	2
134	1899/12/30 0:22:20	1	1899/12/30 0:22:20	0	1899/12/30 0:22:20	1
135	1899/12/30 0:22:30	3	1899/12/30 0:22:30	0	1899/12/30 0:22:30	3
136	1899/12/30 0:22:40	1	1899/12/30 0:22:40	0	1899/12/30 0:22:40	1
137	1899/12/30 0:22:50	2	1899/12/30 0:22:50	1	1899/12/30 0:22:50	3
138	1899/12/30 0:23:00	0	1899/12/30 0:23:00	0	1899/12/30 0:23:00	0
139	1899/12/30 0:23:10	0	1899/12/30 0:23:10	0	1899/12/30 0:23:10	0
140	1899/12/30 0:23:20	2	1899/12/30 0:23:20	0	1899/12/30 0:23:20	2
141	1899/12/30 0:23:30	1	1899/12/30 0:23:30	0	1899/12/30 0:23:30	1
142	1899/12/30 0:23:40	1	1899/12/30 0:23:40	0	1899/12/30 0:23:40	1
143	1899/12/30 0:23:50	6	1899/12/30 0:23:50	0	1899/12/30 0:23:50	6
144	1899/12/30 0:24:00	2	1899/12/30 0:24:00	0	1899/12/30 0:24:00	2
145	1899/12/30 0:24:10	0	1899/12/30 0:24:10	0	1899/12/30 0:24:10	0
146	1899/12/30 0:24:20	3	1899/12/30 0:24:20	0	1899/12/30 0:24:20	3
147	1899/12/30 0:24:30	6	1899/12/30 0:24:30	0	1899/12/30 0:24:30	6
148	1899/12/30 0:24:40	2	1899/12/30 0:24:40	0	1899/12/30 0:24:40	2
149	1899/12/30 0:24:50	11	1899/12/30 0:24:50	0	1899/12/30 0:24:50	11
150	1899/12/30 0:25:00	2	1899/12/30 0:25:00	0	1899/12/30 0:25:00	2
151	1899/12/30 0:25:10	8	1899/12/30 0:25:10	0	1899/12/30 0:25:10	8
152	1899/12/30 0:25:20	12	1899/12/30 0:25:20	0	1899/12/30 0:25:20	12
153	1899/12/30 0:25:30	8	1899/12/30 0:25:30	0	1899/12/30 0:25:30	8
154	1899/12/30 0:25:40	8	1899/12/30 0:25:40	0	1899/12/30 0:25:40	8
155	1899/12/30 0:25:50	6	1899/12/30 0:25:50	0	1899/12/30 0:25:50	6
156	1899/12/30 0:26:00	8	1899/12/30 0:26:00	0	1899/12/30 0:26:00	8
157	1899/12/30 0:26:10	13	1899/12/30 0:26:10	0	1899/12/30 0:26:10	13
158	1899/12/30 0:26:20	0	1899/12/30 0:26:20	0	1899/12/30 0:26:20	0
159	1899/12/30 0:26:30	2	1899/12/30 0:26:30	0	1899/12/30 0:26:30	2
160	1899/12/30 0:26:40	12	1899/12/30 0:26:40	0	1899/12/30 0:26:40	12
161	1899/12/30 0:26:50	2	1899/12/30 0:26:50	0	1899/12/30 0:26:50	2
162	1899/12/30 0:27:00	4	1899/12/30 0:27:00	0	1899/12/30 0:27:00	4
163	1899/12/30 0:27:10	1	1899/12/30 0:27:10	0	1899/12/30 0:27:10	1
164	1899/12/30 0:27:20	3	1899/12/30 0:27:20	0	1899/12/30 0:27:20	3
165	1899/12/30 0:27:30	4	1899/12/30 0:27:30	0	1899/12/30 0:27:30	4
166	1899/12/30 0:27:40	7	1899/12/30 0:27:40	0	1899/12/30 0:27:40	7
167	1899/12/30 0:27:50	3	1899/12/30 0:27:50	0	1899/12/30 0:27:50	3
168	1899/12/30 0:28:00	2	1899/12/30 0:28:00	0	1899/12/30 0:28:00	2
169	1899/12/30 0:28:10	6	1899/12/30 0:28:10	0	1899/12/30 0:28:10	6
170	1899/12/30 0:28:20	1	1899/12/30 0:28:20	4	1899/12/30 0:28:20	5
171	1899/12/30 0:28:30	3	1899/12/30 0:28:30	8	1899/12/30 0:28:30	11
172	1899/12/30 0:28:40	2	1899/12/30 0:28:40	8	1899/12/30 0:28:40	10
173	1899/12/30 0:28:50	1	1899/12/30 0:28:50	9	1899/12/30 0:28:50	10
174	1899/12/30 0:29:00	1	1899/12/30 0:29:00	7	1899/12/30 0:29:00	8
175	1899/12/30 0:29:10	0	1899/12/30 0:29:10	1	1899/12/30 0:29:10	1
176	1899/12/30 0:29:20	1	1899/12/30 0:29:20	2	1899/12/30 0:29:20	3
177	1899/12/30 0:29:30	0	1899/12/30 0:29:30	0	1899/12/30 0:29:30	0
178	1899/12/30 0:29:40	1	1899/12/30 0:29:40	3	1899/12/30 0:29:40	4
179	1899/12/30 0:29:50	1	1899/12/30 0:29:50	6	1899/12/30 0:29:50	7
180	1899/12/30 0:30:00	3	1899/12/30 0:30:00	12	1899/12/30 0:30:00	15
181	1899/12/30 0:30:10	0	1899/12/30 0:30:10	17	1899/12/30 0:30:10	17
182	1899/12/30 0:30:20	0	1899/12/30 0:30:20	11	1899/12/30 0:30:20	11
183	1899/12/30 0:30:30	2	1899/12/30 0:30:30	8	1899/12/30 0:30:30	10
184	1899/12/30 0:30:40	1	1899/12/30 0:30:40	5	1899/12/30 0:30:40	6
185	1899/12/30 0:30:50	3	1899/12/30 0:30:50	5	1899/12/30 0:30:50	8
186	1899/12/30 0:31:00	1	1899/12/30 0:31:00	4	1899/12/30 0:31:00	5
187	1899/12/30 0:31:10	3	1899/12/30 0:31:10	0	1899/12/30 0:31:10	3
188	1899/12/30 0:31:20	0	1899/12/30 0:31:20	1	1899/12/30 0:31:20	1
189	1899/12/30 0:31:30	4	1899/12/30 0:31:30	1	1899/12/30 0:31:30	5
190	1899/12/30 0:31:40	5	1899/12/30 0:31:40	1	1899/12/30 0:31:40	6
191	1899/12/30 0:31:50	3	1899/12/30 0:31:50	2	1899/12/30 0:31:50	5
192	1899/12/30 0:32:00	3	1899/12/30 0:32:00	1	1899/12/30 0:32:00	4
193	1899/12/30 0:32:10	6	1899/12/30 0:32:10	1	1899/12/30 0:32:10	7
194	1899/12/30 0:32:20	8	1899/12/30 0:32:20	0	1899/12/30 0:32:20	8
195	1899/12/30 0:32:30	8	1899/12/30 0:32:30	6	1899/12/30 0:32:30	14
196	1899/12/30 0:32:40	5	1899/12/30 0:32:40	0	1899/12/30 0:32:40	5
197	1899/12/30 0:32:50	5	1899/12/30 0:32:50	0	1899/12/30 0:32:50	5
198	1899/12/30 0:33:00	9	1899/12/30 0:33:00	0	1899/12/30 0:33:00	9
199	1899/12/30 0:33:10	4	1899/12/30 0:33:10	1	1899/12/30 0:33:10	5
200	1899/12/30 0:33:20	6	1899/12/30 0:33:20	0	1899/12/30 0:33:20	6
201	1899/12/30 0:33:30	2	1899/12/30 0:33:30	1	1899/12/30 0:33:30	3
202	1899/12/30 0:33:40	0	1899/12/30 0:33:40	3	1899/12/30 0:33:40	3
203	1899/12/30 0:33:50	3	1899/12/30 0:33:50	1	1899/12/30 0:33:50	4
204	1899/12/30 0:34:00	5	1899/12/30 0:34:00	1	1899/12/30 0:34:00	6
205	1899/12/30 0:34:10	7	1899/12/30 0:34:10	2	1899/12/30 0:34:10	9
206	1899/12/30 0:34:20	1	1899/12/30 0:34:20	1	1899/12/30 0:34:20	2
207	1899/12/30 0:34:30	6	1899/12/30 0:34:30	0	1899/12/30 0:34:30	6
208	1899/12/30 0:34:40	3	1899/12/30 0:34:40	1	1899/12/30 0:34:40	4
209	1899/12/30 0:34:50	6	1899/12/30 0:34:50	1	1899/12/30 0:34:50	7
210	1899/12/30 0:35:00	16	1899/12/30 0:35:00	2	1899/12/30 0:35:00	18
211	1899/12/30 0:35:10	11	1899/12/30 0:35:10	0	1899/12/30 0:35:10	11
212	1899/12/30 0:35:20	3	1899/12/30 0:35:20	1	1899/12/30 0:35:20	4
213	1899/12/30 0:35:30	3	1899/12/30 0:35:30	1	1899/12/30 0:35:30	4
214	1899/12/30 0:35:40	5	1899/12/30 0:35:40	2	1899/12/30 0:35:40	7
215	1899/12/30 0:35:50	9	1899/12/30 0:35:50	0	1899/12/30 0:35:50	9
216	1899/12/30 0:36:00	11	1899/12/30 0:36:00	0	1899/12/30 0:36:00	11
