Index	X	Left to Right	X	Right to Left	X	Sum
0	1899/12/30	0	1899/12/30	0	1899/12/30	0
1	1899/12/30 0:00:10	0	1899/12/30 0:00:10	0	1899/12/30 0:00:10	0
2	1899/12/30 0:00:20	0	1899/12/30 0:00:20	0	1899/12/30 0:00:20	0
3	1899/12/30 0:00:30	0	1899/12/30 0:00:30	0	1899/12/30 0:00:30	0
4	1899/12/30 0:00:40	1	1899/12/30 0:00:40	0	1899/12/30 0:00:40	1
5	1899/12/30 0:00:50	0	1899/12/30 0:00:50	0	1899/12/30 0:00:50	0
6	1899/12/30 0:01:00	1	1899/12/30 0:01:00	0	1899/12/30 0:01:00	1
7	1899/12/30 0:01:10	1	1899/12/30 0:01:10	0	1899/12/30 0:01:10	1
8	1899/12/30 0:01:20	2	1899/12/30 0:01:20	0	1899/12/30 0:01:20	2
9	1899/12/30 0:01:30	1	1899/12/30 0:01:30	0	1899/12/30 0:01:30	1
10	1899/12/30 0:01:40	4	1899/12/30 0:01:40	0	1899/12/30 0:01:40	4
11	1899/12/30 0:01:50	5	1899/12/30 0:01:50	0	1899/12/30 0:01:50	5
12	1899/12/30 0:02:00	0	1899/12/30 0:02:00	0	1899/12/30 0:02:00	0
13	1899/12/30 0:02:10	4	1899/12/30 0:02:10	0	1899/12/30 0:02:10	4
14	1899/12/30 0:02:20	3	1899/12/30 0:02:20	0	1899/12/30 0:02:20	3
15	1899/12/30 0:02:30	0	1899/12/30 0:02:30	0	1899/12/30 0:02:30	0
16	1899/12/30 0:02:40	1	1899/12/30 0:02:40	0	1899/12/30 0:02:40	1
17	1899/12/30 0:02:50	6	1899/12/30 0:02:50	0	1899/12/30 0:02:50	6
18	1899/12/30 0:03:00	1	1899/12/30 0:03:00	0	1899/12/30 0:03:00	1
19	1899/12/30 0:03:10	5	1899/12/30 0:03:10	0	1899/12/30 0:03:10	5
20	1899/12/30 0:03:20	2	1899/12/30 0:03:20	0	1899/12/30 0:03:20	2
21	1899/12/30 0:03:30	2	1899/12/30 0:03:30	0	1899/12/30 0:03:30	2
22	1899/12/30 0:03:40	5	1899/12/30 0:03:40	0	1899/12/30 0:03:40	5
23	1899/12/30 0:03:50	1	1899/12/30 0:03:50	0	1899/12/30 0:03:50	1
24	1899/12/30 0:04:00	2	1899/12/30 0:04:00	0	1899/12/30 0:04:00	2
25	1899/12/30 0:04:10	3	1899/12/30 0:04:10	0	1899/12/30 0:04:10	3
26	1899/12/30 0:04:20	5	1899/12/30 0:04:20	0	1899/12/30 0:04:20	5
27	1899/12/30 0:04:30	7	1899/12/30 0:04:30	2	1899/12/30 0:04:30	9
28	1899/12/30 0:04:40	6	1899/12/30 0:04:40	4	1899/12/30 0:04:40	10
29	1899/12/30 0:04:50	4	1899/12/30 0:04:50	10	1899/12/30 0:04:50	14
30	1899/12/30 0:05:00	2	1899/12/30 0:05:00	11	1899/12/30 0:05:00	13
31	1899/12/30 0:05:10	2	1899/12/30 0:05:10	15	1899/12/30 0:05:10	17
32	1899/12/30 0:05:20	2	1899/12/30 0:05:20	9	1899/12/30 0:05:20	11
33	1899/12/30 0:05:30	1	1899/12/30 0:05:30	9	1899/12/30 0:05:30	10
34	1899/12/30 0:05:40	1	1899/12/30 0:05:40	0	1899/12/30 0:05:40	1
35	1899/12/30 0:05:50	1	1899/12/30 0:05:50	2	1899/12/30 0:05:50	3
36	1899/12/30 0:06:00	0	1899/12/30 0:06:00	1	1899/12/30 0:06:00	1
37	1899/12/30 0:06:10	1	1899/12/30 0:06:10	9	1899/12/30 0:06:10	10
38	1899/12/30 0:06:20	0	1899/12/30 0:06:20	9	1899/12/30 0:06:20	9
39	1899/12/30 0:06:30	0	1899/12/30 0:06:30	4	1899/12/30 0:06:30	4
40	1899/12/30 0:06:40	0	1899/12/30 0:06:40	2	1899/12/30 0:06:40	2
41	1899/12/30 0:06:50	0	1899/12/30 0:06:50	0	1899/12/30 0:06:50	0
42	1899/12/30 0:07:00	0	1899/12/30 0:07:00	1	1899/12/30 0:07:00	1
43	1899/12/30 0:07:10	0	1899/12/30 0:07:10	0	1899/12/30 0:07:10	0
44	1899/12/30 0:07:20	0	1899/12/30 0:07:20	1	1899/12/30 0:07:20	1
45	1899/12/30 0:07:30	0	1899/12/30 0:07:30	0	1899/12/30 0:07:30	0
46	1899/12/30 0:07:40	0	1899/12/30 0:07:40	0	1899/12/30 0:07:40	0
47	1899/12/30 0:07:50	1	1899/12/30 0:07:50	0	1899/12/30 0:07:50	1
48	1899/12/30 0:08:00	0	1899/12/30 0:08:00	0	1899/12/30 0:08:00	0
49	1899/12/30 0:08:10	0	1899/12/30 0:08:10	0	1899/12/30 0:08:10	0
50	1899/12/30 0:08:20	1	1899/12/30 0:08:20	0	1899/12/30 0:08:20	1
51	1899/12/30 0:08:30	1	1899/12/30 0:08:30	0	1899/12/30 0:08:30	1
52	1899/12/30 0:08:40	0	1899/12/30 0:08:40	0	1899/12/30 0:08:40	0
53	1899/12/30 0:08:50	6	1899/12/30 0:08:50	0	1899/12/30 0:08:50	6
54	1899/12/30 0:09:00	9	1899/12/30 0:09:00	0	1899/12/30 0:09:00	9
55	1899/12/30 0:09:10	3	1899/12/30 0:09:10	0	1899/12/30 0:09:10	3
56	1899/12/30 0:09:20	4	1899/12/30 0:09:20	0	1899/12/30 0:09:20	4
57	1899/12/30 0:09:30	9	1899/12/30 0:09:30	0	1899/12/30 0:09:30	9
58	1899/12/30 0:09:40	4	1899/12/30 0:09:40	0	1899/12/30 0:09:40	4
59	1899/12/30 0:09:50	8	1899/12/30 0:09:50	0	1899/12/30 0:09:50	8
60	1899/12/30 0:10:00	5	1899/12/30 0:10:00	0	1899/12/30 0:10:00	5
61	1899/12/30 0:10:10	4	1899/12/30 0:10:10	0	1899/12/30 0:10:10	4
62	1899/12/30 0:10:20	4	1899/12/30 0:10:20	0	1899/12/30 0:10:20	4
63	1899/12/30 0:10:30	3	1899/12/30 0:10:30	0	1899/12/30 0:10:30	3
64	1899/12/30 0:10:40	3	1899/12/30 0:10:40	0	1899/12/30 0:10:40	3
65	1899/12/30 0:10:50	4	1899/12/30 0:10:50	0	1899/12/30 0:10:50	4
66	1899/12/30 0:11:00	1	1899/12/30 0:11:00	0	1899/12/30 0:11:00	1
67	1899/12/30 0:11:10	4	1899/12/30 0:11:10	0	1899/12/30 0:11:10	4
68	1899/12/30 0:11:20	4	1899/12/30 0:11:20	0	1899/12/30 0:11:20	4
69	1899/12/30 0:11:30	4	1899/12/30 0:11:30	0	1899/12/30 0:11:30	4
70	1899/12/30 0:11:40	3	1899/12/30 0:11:40	0	1899/12/30 0:11:40	3
71	1899/12/30 0:11:50	5	1899/12/30 0:11:50	0	1899/12/30 0:11:50	5
72	1899/12/30 0:12:00	11	1899/12/30 0:12:00	0	1899/12/30 0:12:00	11
73	1899/12/30 0:12:10	12	1899/12/30 0:12:10	0	1899/12/30 0:12:10	12
74	1899/12/30 0:12:20	7	1899/12/30 0:12:20	0	1899/12/30 0:12:20	7
75	1899/12/30 0:12:30	4	1899/12/30 0:12:30	0	1899/12/30 0:12:30	4
76	1899/12/30 0:12:40	6	1899/12/30 0:12:40	0	1899/12/30 0:12:40	6
77	1899/12/30 0:12:50	4	1899/12/30 0:12:50	0	1899/12/30 0:12:50	4
78	1899/12/30 0:13:00	4	1899/12/30 0:13:00	0	1899/12/30 0:13:00	4
79	1899/12/30 0:13:10	4	1899/12/30 0:13:10	0	1899/12/30 0:13:10	4
80	1899/12/30 0:13:20	2	1899/12/30 0:13:20	0	1899/12/30 0:13:20	2
81	1899/12/30 0:13:30	1	1899/12/30 0:13:30	0	1899/12/30 0:13:30	1
82	1899/12/30 0:13:40	3	1899/12/30 0:13:40	0	1899/12/30 0:13:40	3
83	1899/12/30 0:13:50	1	1899/12/30 0:13:50	0	1899/12/30 0:13:50	1
84	1899/12/30 0:14:00	0	1899/12/30 0:14:00	0	1899/12/30 0:14:00	0
85	1899/12/30 0:14:10	3	1899/12/30 0:14:10	0	1899/12/30 0:14:10	3
86	1899/12/30 0:14:20	0	1899/12/30 0:14:20	0	1899/12/30 0:14:20	0
87	1899/12/30 0:14:30	1	1899/12/30 0:14:30	0	1899/12/30 0:14:30	1
88	1899/12/30 0:14:40	0	1899/12/30 0:14:40	0	1899/12/30 0:14:40	0
89	1899/12/30 0:14:50	3	1899/12/30 0:14:50	0	1899/12/30 0:14:50	3
90	1899/12/30 0:15:00	1	1899/12/30 0:15:00	0	1899/12/30 0:15:00	1
91	1899/12/30 0:15:10	2	1899/12/30 0:15:10	0	1899/12/30 0:15:10	2
92	1899/12/30 0:15:20	0	1899/12/30 0:15:20	0	1899/12/30 0:15:20	0
93	1899/12/30 0:15:30	0	1899/12/30 0:15:30	0	1899/12/30 0:15:30	0
94	1899/12/30 0:15:40	1	1899/12/30 0:15:40	0	1899/12/30 0:15:40	1
95	1899/12/30 0:15:50	0	1899/12/30 0:15:50	0	1899/12/30 0:15:50	0
96	1899/12/30 0:16:00	0	1899/12/30 0:16:00	0	1899/12/30 0:16:00	0
97	1899/12/30 0:16:10	1	1899/12/30 0:16:10	0	1899/12/30 0:16:10	1
98	1899/12/30 0:16:20	1	1899/12/30 0:16:20	0	1899/12/30 0:16:20	1
99	1899/12/30 0:16:30	1	1899/12/30 0:16:30	0	1899/12/30 0:16:30	1
100	1899/12/30 0:16:40	0	1899/12/30 0:16:40	12	1899/12/30 0:16:40	12
101	1899/12/30 0:16:50	0	1899/12/30 0:16:50	13	1899/12/30 0:16:50	13
102	1899/12/30 0:17:00	0	1899/12/30 0:17:00	16	1899/12/30 0:17:00	16
103	1899/12/30 0:17:10	0	1899/12/30 0:17:10	8	1899/12/30 0:17:10	8
104	1899/12/30 0:17:20	0	1899/12/30 0:17:20	19	1899/12/30 0:17:20	19
105	1899/12/30 0:17:30	0	1899/12/30 0:17:30	19	1899/12/30 0:17:30	19
106	1899/12/30 0:17:40	0	1899/12/30 0:17:40	17	1899/12/30 0:17:40	17
107	1899/12/30 0:17:50	0	1899/12/30 0:17:50	8	1899/12/30 0:17:50	8
108	1899/12/30 0:18:00	1	1899/12/30 0:18:00	6	1899/12/30 0:18:00	7
109	1899/12/30 0:18:10	1	1899/12/30 0:18:10	2	1899/12/30 0:18:10	3
110	1899/12/30 0:18:20	0	1899/12/30 0:18:20	0	1899/12/30 0:18:20	0
111	1899/12/30 0:18:30	2	1899/12/30 0:18:30	3	1899/12/30 0:18:30	5
112	1899/12/30 0:18:40	4	1899/12/30 0:18:40	3	1899/12/30 0:18:40	7
113	1899/12/30 0:18:50	3	1899/12/30 0:18:50	1	1899/12/30 0:18:50	4
114	1899/12/30 0:19:00	3	1899/12/30 0:19:00	0	1899/12/30 0:19:00	3
115	1899/12/30 0:19:10	2	1899/12/30 0:19:10	0	1899/12/30 0:19:10	2
116	1899/12/30 0:19:20	2	1899/12/30 0:19:20	0	1899/12/30 0:19:20	2
117	1899/12/30 0:19:30	5	1899/12/30 0:19:30	0	1899/12/30 0:19:30	5
118	1899/12/30 0:19:40	3	1899/12/30 0:19:40	0	1899/12/30 0:19:40	3
119	1899/12/30 0:19:50	3	1899/12/30 0:19:50	0	1899/12/30 0:19:50	3
120	1899/12/30 0:20:00	3	1899/12/30 0:20:00	0	1899/12/30 0:20:00	3
121	1899/12/30 0:20:10	5	1899/12/30 0:20:10	0	1899/12/30 0:20:10	5
122	1899/12/30 0:20:20	8	1899/12/30 0:20:20	0	1899/12/30 0:20:20	8
123	1899/12/30 0:20:30	7	1899/12/30 0:20:30	0	1899/12/30 0:20:30	7
124	1899/12/30 0:20:40	8	1899/12/30 0:20:40	0	1899/12/30 0:20:40	8
125	1899/12/30 0:20:50	7	1899/12/30 0:20:50	0	1899/12/30 0:20:50	7
126	1899/12/30 0:21:00	8	1899/12/30 0:21:00	0	1899/12/30 0:21:00	8
127	1899/12/30 0:21:10	3	1899/12/30 0:21:10	0	1899/12/30 0:21:10	3
128	1899/12/30 0:21:20	3	1899/12/30 0:21:20	0	1899/12/30 0:21:20	3
129	1899/12/30 0:21:30	4	1899/12/30 0:21:30	0	1899/12/30 0:21:30	4
130	1899/12/30 0:21:40	3	1899/12/30 0:21:40	0	1899/12/30 0:21:40	3
131	1899/12/30 0:21:50	1	1899/12/30 0:21:50	0	1899/12/30 0:21:50	1
132	1899/12/30 0:22:00	0	1899/12/30 0:22:00	0	1899/12/30 0:22:00	0
133	1899/12/30 0:22:10	2	1899/12/30 0:22:10	0	1899/12/30 0:22:10	2
134	1899/12/30 0:22:20	3	1899/12/30 0:22:20	0	1899/12/30 0:22:20	3
135	1899/12/30 0:22:30	0	1899/12/30 0:22:30	0	1899/12/30 0:22:30	0
136	1899/12/30 0:22:40	0	1899/12/30 0:22:40	0	1899/12/30 0:22:40	0
137	1899/12/30 0:22:50	0	1899/12/30 0:22:50	0	1899/12/30 0:22:50	0
138	1899/12/30 0:23:00	0	1899/12/30 0:23:00	0	1899/12/30 0:23:00	0
139	1899/12/30 0:23:10	2	1899/12/30 0:23:10	0	1899/12/30 0:23:10	2
140	1899/12/30 0:23:20	1	1899/12/30 0:23:20	0	1899/12/30 0:23:20	1
141	1899/12/30 0:23:30	0	1899/12/30 0:23:30	0	1899/12/30 0:23:30	0
142	1899/12/30 0:23:40	1	1899/12/30 0:23:40	0	1899/12/30 0:23:40	1
143	1899/12/30 0:23:50	2	1899/12/30 0:23:50	0	1899/12/30 0:23:50	2
144	1899/12/30 0:24:00	1	1899/12/30 0:24:00	0	1899/12/30 0:24:00	1
145	1899/12/30 0:24:10	3	1899/12/30 0:24:10	0	1899/12/30 0:24:10	3
146	1899/12/30 0:24:20	0	1899/12/30 0:24:20	0	1899/12/30 0:24:20	0
147	1899/12/30 0:24:30	2	1899/12/30 0:24:30	0	1899/12/30 0:24:30	2
148	1899/12/30 0:24:40	1	1899/12/30 0:24:40	0	1899/12/30 0:24:40	1
149	1899/12/30 0:24:50	2	1899/12/30 0:24:50	0	1899/12/30 0:24:50	2
150	1899/12/30 0:25:00	6	1899/12/30 0:25:00	0	1899/12/30 0:25:00	6
151	1899/12/30 0:25:10	4	1899/12/30 0:25:10	0	1899/12/30 0:25:10	4
152	1899/12/30 0:25:20	5	1899/12/30 0:25:20	0	1899/12/30 0:25:20	5
153	1899/12/30 0:25:30	7	1899/12/30 0:25:30	0	1899/12/30 0:25:30	7
154	1899/12/30 0:25:40	3	1899/12/30 0:25:40	0	1899/12/30 0:25:40	3
155	1899/12/30 0:25:50	3	1899/12/30 0:25:50	0	1899/12/30 0:25:50	3
156	1899/12/30 0:26:00	6	1899/12/30 0:26:00	0	1899/12/30 0:26:00	6
157	1899/12/30 0:26:10	4	1899/12/30 0:26:10	0	1899/12/30 0:26:10	4
158	1899/12/30 0:26:20	3	1899/12/30 0:26:20	0	1899/12/30 0:26:20	3
159	1899/12/30 0:26:30	2	1899/12/30 0:26:30	0	1899/12/30 0:26:30	2
160	1899/12/30 0:26:40	7	1899/12/30 0:26:40	0	1899/12/30 0:26:40	7
161	1899/12/30 0:26:50	5	1899/12/30 0:26:50	0	1899/12/30 0:26:50	5
162	1899/12/30 0:27:00	7	1899/12/30 0:27:00	0	1899/12/30 0:27:00	7
163	1899/12/30 0:27:10	2	1899/12/30 0:27:10	0	1899/12/30 0:27:10	2
164	1899/12/30 0:27:20	6	1899/12/30 0:27:20	0	1899/12/30 0:27:20	6
165	1899/12/30 0:27:30	7	1899/12/30 0:27:30	0	1899/12/30 0:27:30	7
166	1899/12/30 0:27:40	6	1899/12/30 0:27:40	0	1899/12/30 0:27:40	6
167	1899/12/30 0:27:50	8	1899/12/30 0:27:50	0	1899/12/30 0:27:50	8
168	1899/12/30 0:28:00	6	1899/12/30 0:28:00	0	1899/12/30 0:28:00	6
169	1899/12/30 0:28:10	7	1899/12/30 0:28:10	0	1899/12/30 0:28:10	7
170	1899/12/30 0:28:20	3	1899/12/30 0:28:20	1	1899/12/30 0:28:20	4
171	1899/12/30 0:28:30	5	1899/12/30 0:28:30	4	1899/12/30 0:28:30	9
172	1899/12/30 0:28:40	4	1899/12/30 0:28:40	0	1899/12/30 0:28:40	4
173	1899/12/30 0:28:50	2	1899/12/30 0:28:50	2	1899/12/30 0:28:50	4
174	1899/12/30 0:29:00	2	1899/12/30 0:29:00	5	1899/12/30 0:29:00	7
175	1899/12/30 0:29:10	2	1899/12/30 0:29:10	12	1899/12/30 0:29:10	14
176	1899/12/30 0:29:20	3	1899/12/30 0:29:20	12	1899/12/30 0:29:20	15
177	1899/12/30 0:29:30	5	1899/12/30 0:29:30	12	1899/12/30 0:29:30	17
178	1899/12/30 0:29:40	1	1899/12/30 0:29:40	14	1899/12/30 0:29:40	15
179	1899/12/30 0:29:50	1	1899/12/30 0:29:50	11	1899/12/30 0:29:50	12
180	1899/12/30 0:30:00	3	1899/12/30 0:30:00	13	1899/12/30 0:30:00	16
181	1899/12/30 0:30:10	3	1899/12/30 0:30:10	19	1899/12/30 0:30:10	22
182	1899/12/30 0:30:20	2	1899/12/30 0:30:20	17	1899/12/30 0:30:20	19
183	1899/12/30 0:30:30	2	1899/12/30 0:30:30	16	1899/12/30 0:30:30	18
184	1899/12/30 0:30:40	0	1899/12/30 0:30:40	20	1899/12/30 0:30:40	20
185	1899/12/30 0:30:50	1	1899/12/30 0:30:50	15	1899/12/30 0:30:50	16
186	1899/12/30 0:31:00	0	1899/12/30 0:31:00	17	1899/12/30 0:31:00	17
187	1899/12/30 0:31:10	0	1899/12/30 0:31:10	5	1899/12/30 0:31:10	5
188	1899/12/30 0:31:20	0	1899/12/30 0:31:20	3	1899/12/30 0:31:20	3
189	1899/12/30 0:31:30	0	1899/12/30 0:31:30	0	1899/12/30 0:31:30	0
190	1899/12/30 0:31:40	1	1899/12/30 0:31:40	0	1899/12/30 0:31:40	1
191	1899/12/30 0:31:50	1	1899/12/30 0:31:50	0	1899/12/30 0:31:50	1
192	1899/12/30 0:32:00	1	1899/12/30 0:32:00	0	1899/12/30 0:32:00	1
193	1899/12/30 0:32:10	3	1899/12/30 0:32:10	0	1899/12/30 0:32:10	3
194	1899/12/30 0:32:20	4	1899/12/30 0:32:20	0	1899/12/30 0:32:20	4
195	1899/12/30 0:32:30	7	1899/12/30 0:32:30	0	1899/12/30 0:32:30	7
196	1899/12/30 0:32:40	7	1899/12/30 0:32:40	0	1899/12/30 0:32:40	7
197	1899/12/30 0:32:50	6	1899/12/30 0:32:50	0	1899/12/30 0:32:50	6
198	1899/12/30 0:33:00	5	1899/12/30 0:33:00	0	1899/12/30 0:33:00	5
199	1899/12/30 0:33:10	8	1899/12/30 0:33:10	0	1899/12/30 0:33:10	8
200	1899/12/30 0:33:20	8	1899/12/30 0:33:20	0	1899/12/30 0:33:20	8
201	1899/12/30 0:33:30	7	1899/12/30 0:33:30	0	1899/12/30 0:33:30	7
202	1899/12/30 0:33:40	7	1899/12/30 0:33:40	0	1899/12/30 0:33:40	7
203	1899/12/30 0:33:50	13	1899/12/30 0:33:50	0	1899/12/30 0:33:50	13
204	1899/12/30 0:34:00	15	1899/12/30 0:34:00	0	1899/12/30 0:34:00	15
205	1899/12/30 0:34:10	20	1899/12/30 0:34:10	0	1899/12/30 0:34:10	20
206	1899/12/30 0:34:20	14	1899/12/30 0:34:20	0	1899/12/30 0:34:20	14
207	1899/12/30 0:34:30	8	1899/12/30 0:34:30	1	1899/12/30 0:34:30	9
208	1899/12/30 0:34:40	6	1899/12/30 0:34:40	0	1899/12/30 0:34:40	6
209	1899/12/30 0:34:50	2	1899/12/30 0:34:50	0	1899/12/30 0:34:50	2
210	1899/12/30 0:35:00	3	1899/12/30 0:35:00	0	1899/12/30 0:35:00	3
211	1899/12/30 0:35:10	1	1899/12/30 0:35:10	1	1899/12/30 0:35:10	2
212	1899/12/30 0:35:20	3	1899/12/30 0:35:20	0	1899/12/30 0:35:20	3
213	1899/12/30 0:35:30	2	1899/12/30 0:35:30	0	1899/12/30 0:35:30	2
214	1899/12/30 0:35:40	0	1899/12/30 0:35:40	1	1899/12/30 0:35:40	1
215	1899/12/30 0:35:50	1	1899/12/30 0:35:50	0	1899/12/30 0:35:50	1
216	1899/12/30 0:36:00	0	1899/12/30 0:36:00	0	1899/12/30 0:36:00	0
217	1899/12/30 0:36:10	2	1899/12/30 0:36:10	0	1899/12/30 0:36:10	2
218	1899/12/30 0:36:20	0	1899/12/30 0:36:20	0	1899/12/30 0:36:20	0
219	1899/12/30 0:36:30	0	1899/12/30 0:36:30	1	1899/12/30 0:36:30	1
220	1899/12/30 0:36:40	2	1899/12/30 0:36:40	0	1899/12/30 0:36:40	2
221	1899/12/30 0:36:50	2	1899/12/30 0:36:50	0	1899/12/30 0:36:50	2
222	1899/12/30 0:37:00	2	1899/12/30 0:37:00	1	1899/12/30 0:37:00	3
223	1899/12/30 0:37:10	0	1899/12/30 0:37:10	1	1899/12/30 0:37:10	1
224	1899/12/30 0:37:20	0	1899/12/30 0:37:20	0	1899/12/30 0:37:20	0
225	1899/12/30 0:37:30	1	1899/12/30 0:37:30	0	1899/12/30 0:37:30	1
226	1899/12/30 0:37:40	0	1899/12/30 0:37:40	0	1899/12/30 0:37:40	0
227	1899/12/30 0:37:50	1	1899/12/30 0:37:50	0	1899/12/30 0:37:50	1
228	1899/12/30 0:38:00	1	1899/12/30 0:38:00	0	1899/12/30 0:38:00	1
229	1899/12/30 0:38:10	0	1899/12/30 0:38:10	0	1899/12/30 0:38:10	0
230	1899/12/30 0:38:20	2	1899/12/30 0:38:20	0	1899/12/30 0:38:20	2
231	1899/12/30 0:38:30	1	1899/12/30 0:38:30	0	1899/12/30 0:38:30	1
232	1899/12/30 0:38:40	0	1899/12/30 0:38:40	0	1899/12/30 0:38:40	0
233	1899/12/30 0:38:50	0	1899/12/30 0:38:50	0	1899/12/30 0:38:50	0
234	1899/12/30 0:39:00	3	1899/12/30 0:39:00	0	1899/12/30 0:39:00	3
235	1899/12/30 0:39:10	4	1899/12/30 0:39:10	0	1899/12/30 0:39:10	4
236	1899/12/30 0:39:20	1	1899/12/30 0:39:20	0	1899/12/30 0:39:20	1
237	1899/12/30 0:39:30	2	1899/12/30 0:39:30	1	1899/12/30 0:39:30	3
238	1899/12/30 0:39:40	2	1899/12/30 0:39:40	0	1899/12/30 0:39:40	2
239	1899/12/30 0:39:50	3	1899/12/30 0:39:50	0	1899/12/30 0:39:50	3
240	1899/12/30 0:40:00	2	1899/12/30 0:40:00	0	1899/12/30 0:40:00	2
241	1899/12/30 0:40:10	4	1899/12/30 0:40:10	0	1899/12/30 0:40:10	4
242	1899/12/30 0:40:20	1	1899/12/30 0:40:20	2	1899/12/30 0:40:20	3
243	1899/12/30 0:40:30	2	1899/12/30 0:40:30	1	1899/12/30 0:40:30	3
244	1899/12/30 0:40:40	5	1899/12/30 0:40:40	2	1899/12/30 0:40:40	7
245	1899/12/30 0:40:50	4	1899/12/30 0:40:50	5	1899/12/30 0:40:50	9
246	1899/12/30 0:41:00	4	1899/12/30 0:41:00	8	1899/12/30 0:41:00	12
247	1899/12/30 0:41:10	8	1899/12/30 0:41:10	6	1899/12/30 0:41:10	14
248	1899/12/30 0:41:20	4	1899/12/30 0:41:20	4	1899/12/30 0:41:20	8
249	1899/12/30 0:41:30	2	1899/12/30 0:41:30	9	1899/12/30 0:41:30	11
250	1899/12/30 0:41:40	6	1899/12/30 0:41:40	9	1899/12/30 0:41:40	15
251	1899/12/30 0:41:50	3	1899/12/30 0:41:50	8	1899/12/30 0:41:50	11
252	1899/12/30 0:42:00	5	1899/12/30 0:42:00	6	1899/12/30 0:42:00	11
253	1899/12/30 0:42:10	1	1899/12/30 0:42:10	12	1899/12/30 0:42:10	13
254	1899/12/30 0:42:20	1	1899/12/30 0:42:20	14	1899/12/30 0:42:20	15
255	1899/12/30 0:42:30	2	1899/12/30 0:42:30	14	1899/12/30 0:42:30	16
256	1899/12/30 0:42:40	4	1899/12/30 0:42:40	7	1899/12/30 0:42:40	11
257	1899/12/30 0:42:50	2	1899/12/30 0:42:50	4	1899/12/30 0:42:50	6
258	1899/12/30 0:43:00	1	1899/12/30 0:43:00	2	1899/12/30 0:43:00	3
259	1899/12/30 0:43:10	0	1899/12/30 0:43:10	3	1899/12/30 0:43:10	3
260	1899/12/30 0:43:20	0	1899/12/30 0:43:20	3	1899/12/30 0:43:20	3
261	1899/12/30 0:43:30	0	1899/12/30 0:43:30	3	1899/12/30 0:43:30	3
262	1899/12/30 0:43:40	1	1899/12/30 0:43:40	1	1899/12/30 0:43:40	2
263	1899/12/30 0:43:50	0	1899/12/30 0:43:50	1	1899/12/30 0:43:50	1
264	1899/12/30 0:44:00	0	1899/12/30 0:44:00	1	1899/12/30 0:44:00	1
265	1899/12/30 0:44:10	0	1899/12/30 0:44:10	0	1899/12/30 0:44:10	0
266	1899/12/30 0:44:20	0	1899/12/30 0:44:20	0	1899/12/30 0:44:20	0
267	1899/12/30 0:44:30	3	1899/12/30 0:44:30	1	1899/12/30 0:44:30	4
268	1899/12/30 0:44:40	1	1899/12/30 0:44:40	0	1899/12/30 0:44:40	1
269	1899/12/30 0:44:50	1	1899/12/30 0:44:50	0	1899/12/30 0:44:50	1
270	1899/12/30 0:45:00	2	1899/12/30 0:45:00	0	1899/12/30 0:45:00	2
271	1899/12/30 0:45:10	2	1899/12/30 0:45:10	0	1899/12/30 0:45:10	2
272	1899/12/30 0:45:20	3	1899/12/30 0:45:20	0	1899/12/30 0:45:20	3
273	1899/12/30 0:45:30	6	1899/12/30 0:45:30	2	1899/12/30 0:45:30	8
274	1899/12/30 0:45:40	5	1899/12/30 0:45:40	0	1899/12/30 0:45:40	5
275	1899/12/30 0:45:50	5	1899/12/30 0:45:50	0	1899/12/30 0:45:50	5
276	1899/12/30 0:46:00	8	1899/12/30 0:46:00	1	1899/12/30 0:46:00	9
277	1899/12/30 0:46:10	3	1899/12/30 0:46:10	0	1899/12/30 0:46:10	3
278	1899/12/30 0:46:20	9	1899/12/30 0:46:20	0	1899/12/30 0:46:20	9
279	1899/12/30 0:46:30	3	1899/12/30 0:46:30	0	1899/12/30 0:46:30	3
280	1899/12/30 0:46:40	6	1899/12/30 0:46:40	0	1899/12/30 0:46:40	6
281	1899/12/30 0:46:50	7	1899/12/30 0:46:50	0	1899/12/30 0:46:50	7
282	1899/12/30 0:47:00	8	1899/12/30 0:47:00	0	1899/12/30 0:47:00	8
283	1899/12/30 0:47:10	10	1899/12/30 0:47:10	0	1899/12/30 0:47:10	10
284	1899/12/30 0:47:20	4	1899/12/30 0:47:20	0	1899/12/30 0:47:20	4
285	1899/12/30 0:47:30	3	1899/12/30 0:47:30	0	1899/12/30 0:47:30	3
286	1899/12/30 0:47:40	4	1899/12/30 0:47:40	1	1899/12/30 0:47:40	5
287	1899/12/30 0:47:50	4	1899/12/30 0:47:50	0	1899/12/30 0:47:50	4
288	1899/12/30 0:48:00	6	1899/12/30 0:48:00	0	1899/12/30 0:48:00	6
289	1899/12/30 0:48:10	7	1899/12/30 0:48:10	0	1899/12/30 0:48:10	7
290	1899/12/30 0:48:20	5	1899/12/30 0:48:20	0	1899/12/30 0:48:20	5
291	1899/12/30 0:48:30	6	1899/12/30 0:48:30	0	1899/12/30 0:48:30	6
292	1899/12/30 0:48:40	3	1899/12/30 0:48:40	1	1899/12/30 0:48:40	4
293	1899/12/30 0:48:50	5	1899/12/30 0:48:50	0	1899/12/30 0:48:50	5
294	1899/12/30 0:49:00	3	1899/12/30 0:49:00	0	1899/12/30 0:49:00	3
295	1899/12/30 0:49:10	2	1899/12/30 0:49:10	0	1899/12/30 0:49:10	2
296	1899/12/30 0:49:20	3	1899/12/30 0:49:20	0	1899/12/30 0:49:20	3
297	1899/12/30 0:49:30	3	1899/12/30 0:49:30	0	1899/12/30 0:49:30	3
298	1899/12/30 0:49:40	3	1899/12/30 0:49:40	0	1899/12/30 0:49:40	3
299	1899/12/30 0:49:50	1	1899/12/30 0:49:50	0	1899/12/30 0:49:50	1
300	1899/12/30 0:50:00	1	1899/12/30 0:50:00	0	1899/12/30 0:50:00	1
